point_ID,set_num,game_num,point_num,serve_num,server_id,returner_id,point_winner_id,court_side,serve_speed_kph,serve_type,fault_distance_missed_m,x_ball_serve_impact,y_ball_serve_impact,z_ball_serve_impact,rally_length,point_end_type,error_type,trapped_by_net,last_stroke_type,last_hand,last_stroke_net_height_m,winner_placement,unforcedErrorPlacement,is_break_point,is_break_point_converted,is_track_avail,x_serve_bounce,y_serve_bounce,z_serve_bounce,serve_dir,z_net_serve,x_net_serve,y_net_serve,last_ball_impact_x,last_ball_impact_y,last_ball_impact_z,last_ball_bounce_x,last_ball_bounce_y,last_ball_bounce_z,serve_return_impact_x,serve_return_impact_y,serve_return_impact_z,serve_return_net_x,serve_return_net_y,serve_return_net_z,serve_return_bounce_x,serve_return_bounce_y,serve_return_bounce_z,spin_rpm,is_fault,is_doublefault,is_tiebreak,is_ace,is_prev_doublefault,is_prev_ace,server_score,returner_score,player1,player2,p1_cum_games,p2_cum_games,p1_cum_sets,p2_cum_sets
1_1_1_1,1,1,1,1,23726,26448,26448,DeuceCourt,163 KPH,Flat,NA,11.972,0.671,2.704,8,Winner,NA,False,Ground,ForeHand,1.73 Metre,Down the Line,NA,False,False,True,-4.959,-0.455,0.04,T,1.126,0.0,-0.025,-11.69,1.3,0.922,10.198,2.856,0.039,-13.423,-1.113,1.397,0.0,-0.903,4.079,11.632,-0.477,0.033,2932.15,0,0,0,0,0,0,0,0,23726,26448,0,0,0,0
1_1_2_1,1,1,2,1,23726,26448,23726,AdCourt,174 KPH,Flat,NA,11.404,-0.887,2.67,3,Winner,NA,False,Ground,ForeHand,1.41 Metre,Down the Line,NA,False,False,True,-4.865,0.861,0.04,T,1.009,0.0,0.396,12.217,0.92,1.851,-8.171,3.53,0.035,-12.906,1.518,1.024,0.0,1.37,3.311,8.024,1.061,0.043,1633.03,0,0,0,0,0,0,0,1,23726,26448,0,0,0,0
1_1_3_1,1,1,3,1,23726,26448,23726,DeuceCourt,173.28 KPH,Flat,0.18 Metre,11.881,0.761,2.77,0,Faulty Serve,Long Error,False,NA,BackHand,1.32 Metre,NA,NA,False,False,True,-6.582,-0.899,0.04,T,1.317,0.0,-0.177,11.881,0.761,2.77,-6.582,-0.899,0.04,,,,,,,,,,0,1,0,0,0,0,0,1,1,23726,26448,0,0,0,0
1_1_3_2,1,1,3,2,23726,26448,26448,DeuceCourt,147 KPH,Flat,NA,11.485,0.9,2.722,2,Unforced Error,NA,True,Ground,BackHand,0.91 Metre,NA,Net Error,False,False,True,-5.394,-1.023,0.04,T,1.296,0.0,-0.2,12.33,-3.107,0.778,0.221,1.108,0.045,-12.23,-2.028,1.332,0.0,-2.632,1.272,6.772,-2.935,0.032,1968.45,0,0,0,0,0,0,1,1,23726,26448,0,0,0,0
1_1_4_1,1,1,4,1,23726,26448,26448,AdCourt,172.65 KPH,NA,0.23 Metre,11.461,-1.056,2.689,0,Faulty Serve,NA,True,NA,ForeHand,0.91 Metre,NA,NA,False,False,True,0.227,2.429,0.028,Body,,,,11.461,-1.056,2.689,0.227,2.429,0.028,,,,,,,,,,0,1,0,0,0,0,0,1,2,23726,26448,0,0,0,0
1_1_4_2,1,1,4,2,23726,26448,23726,AdCourt,131 KPH,Pronated,NA,11.777,-1.455,2.707,9,Winner,NA,False,Ground,ForeHand,3.63 Metre,Down the Line,NA,False,False,True,-5.148,2.484,0.04,Body,1.402,0.0,1.513,,,,,,,-12.179,4.175,1.555,0.0,0.873,1.531,7.116,-0.912,0.037,2056.96,0,0,0,0,0,0,1,2,23726,26448,0,0,0,0
1_1_5_1,1,1,5,1,23726,26448,23726,DeuceCourt,176 KPH,Flat,NA,11.498,0.925,2.713,3,Winner,NA,False,Approach,ForeHand,1.59 Metre,Cross Court,NA,False,False,True,-4.476,-0.181,0.043,T,0.978,0.0,0.177,6.29,-2.915,2.424,-8.388,3.833,0.035,-13.953,-0.935,1.134,0.0,-1.769,6.514,5.461,-2.444,0.035,NA,0,0,0,0,0,0,2,2,23726,26448,0,0,0,0
1_1_6_1,1,1,6,1,23726,26448,23726,AdCourt,176 KPH,NA,NA,,,,0,Faulty Serve,NA,False,Approach,BackHand,1.59 Metre,NA,NA,False,False,False,,,,,,,,,,,,,,,,,,,,,,,NA,1,0,0,0,0,0,3,2,23726,26448,0,0,0,0
1_1_6_2,1,1,6,2,23726,26448,26448,AdCourt,146 KPH,Flat,NA,11.415,-1.035,2.681,2,Winner,NA,False,Ground,BackHand,1.07 Metre,Down the Line,NA,False,False,True,-4.868,3.196,0.032,Wide,1.236,0.0,2.092,-11.209,4.802,1.339,6.328,2.902,0.042,-11.209,4.802,1.339,0.0,3.545,1.069,6.328,2.902,0.042,984.42,0,0,0,0,0,0,3,2,23726,26448,0,0,0,0
1_1_7_1,1,1,7,1,23726,26448,26448,DeuceCourt,163 KPH,Flat,NA,11.961,0.665,2.774,4,Unforced Error,NA,True,Ground,BackHand,0.8 Metre,NA,Net Error,False,False,True,-5.786,-2.933,0.043,Wide,1.275,0.0,-1.596,11.724,-1.581,0.903,0.447,1.89,0.045,-13.692,-4.726,1.185,0.0,-2.675,1.535,7.167,-1.821,0.035,2318.54,0,0,0,0,0,0,3,3,23726,26448,0,0,0,0
1_1_8_1,1,1,8,1,23726,26448,26448,AdCourt,174.24 KPH,Slice,0.26 Metre,11.538,-1.046,2.712,0,Faulty Serve,Wide Error,False,NA,BackHand,1.2 Metre,NA,NA,True,False,True,-5.777,-0.259,0.038,T,1.201,0.0,-0.404,11.538,-1.046,2.712,-5.777,-0.259,0.038,,,,,,,,,,0,1,0,0,0,0,0,3,4,23726,26448,0,0,0,0
1_1_8_2,1,1,8,2,23726,26448,26448,AdCourt,145 KPH,Flat,NA,11.825,-1.185,2.784,2,Unforced Error,NA,True,Ground,BackHand,0.91 Metre,NA,Net Error,True,True,True,-5.61,1.817,0.038,Body,1.355,0.0,1.057,13.135,-2.923,1.175,0.214,-1.522,0.045,-13.183,2.871,1.433,0.0,0.28,1.85,7.649,-1.599,0.037,1192.12,0,0,0,0,0,0,3,4,23726,26448,0,0,0,0
1_2_1_1,1,2,1,1,26448,23726,23726,DeuceCourt,159 KPH,Slice,NA,11.515,1.352,2.747,4,Unforced Error,NA,True,Ground,BackHand,0.91 Metre,NA,Net Error,False,False,True,-4.742,-1.654,0.042,Body,1.071,0.0,-0.658,12.495,-3.367,0.793,0.327,-3.61,0.033,-11.289,-3.103,1.137,0.0,-1.486,1.661,7.206,-0.709,0.038,1503.92,0,0,0,0,0,0,0,0,23726,26448,0,1,0,0
1_2_2_1,1,2,2,1,26448,23726,23726,AdCourt,154.29 KPH,Flat,0.05 Metre,11.531,-1.238,2.793,0,Faulty Serve,Wide Error,False,NA,BackHand,1.24 Metre,NA,Wide Error,False,False,True,-5.418,4.167,0.033,Wide,1.243,0.0,2.613,11.531,-1.238,2.793,-5.418,4.167,0.033,,,,,,,,,,0,1,0,0,0,0,0,0,1,23726,26448,0,1,0,0
1_2_2_2,1,2,2,2,26448,23726,26448,AdCourt,125 KPH,Pronated,NA,11.683,-1.233,2.799,1,Unforced Error,NA,False,Ground,BackHand,1.96 Metre,NA,Long Error,False,False,True,-5.075,2.496,0.04,Body,1.331,0.0,1.606,-10.11,3.637,1.292,12.885,-2.469,0.032,-10.11,3.637,1.292,0.0,1.074,1.956,12.885,-2.469,0.032,1049.12,0,0,0,0,0,0,0,1,23726,26448,0,1,0,0
1_2_3_1,1,2,3,1,26448,23726,26448,DeuceCourt,164.99 KPH,NA,0.32 Metre,11.38,1.372,2.727,0,Faulty Serve,Net Error,True,NA,BackHand,0.94 Metre,NA,Net Error,False,False,True,0.317,-1.922,0.045,Body,0.941,0.0,-1.514,11.38,1.372,2.727,0.317,-1.922,0.045,,,,,,,,,,0,1,0,0,0,0,0,1,1,23726,26448,0,1,0,0
1_2_3_2,1,2,3,2,26448,23726,26448,DeuceCourt,141 KPH,Flat,NA,11.538,1.162,2.777,9,Unforced Error,NA,False,Ground,BackHand,1.96 Metre,NA,Wide Error,False,False,True,-5.023,-1.392,0.041,Body,1.243,0.0,-0.433,-13.977,1.094,1.429,10.085,-4.161,0.031,-12.491,-2.733,1.266,0.0,-2.119,1.246,7.35,-1.598,0.037,1402.56,0,0,0,0,0,0,1,1,23726,26448,0,1,0,0
1_2_4_1,1,2,4,1,26448,23726,26448,AdCourt,172.46 KPH,NA,0.29 Metre,11.405,-1.041,2.682,0,Faulty Serve,Net Error,True,NA,BackHand,0.92 Metre,NA,Net Error,False,False,True,0.287,0.904,0.045,T,0.922,0.0,0.556,11.405,-1.041,2.682,0.287,0.904,0.045,,,,,,,,,,0,1,0,0,0,0,0,2,1,23726,26448,0,1,0,0
1_2_4_2,1,2,4,2,26448,23726,23726,AdCourt,150 KPH,Slice,NA,11.473,-1.012,2.748,2,Forced Error,NA,False,Ground,BackHand,3.34 Metre,NA,NA,False,False,True,-4.967,0.925,0.04,T,1.135,0.0,0.496,12.879,-3.349,0.665,-12.654,-0.523,0.037,-12.471,1.484,1.356,0.0,-0.754,1.633,10.383,-2.891,0.031,900.97,0,0,0,0,0,0,2,1,23726,26448,0,1,0,0
1_2_5_1,1,2,5,1,26448,23726,26448,DeuceCourt,163 KPH,Flat,NA,11.392,1.316,2.781,5,Unforced Error,NA,False,Ground,ForeHand,1.33 Metre,NA,Wide Error,False,False,True,-5.152,-1.693,0.042,Body,1.151,0.0,-0.672,-11.934,-2.405,1.179,9.132,-4.534,0.028,-11.615,-3.008,1.107,0.0,-0.944,1.452,9.144,0.872,0.037,2136.85,0,0,0,0,0,0,2,2,23726,26448,0,1,0,0
1_2_6_1,1,2,6,1,26448,23726,26448,AdCourt,175 KPH,Flat,NA,11.586,-1.076,2.75,1,Forced Error,NA,False,Ground,BackHand,2.31 Metre,NA,NA,False,False,True,-5.101,2.791,0.041,Wide,1.083,0.0,1.664,-13.168,4.593,1.11,12.885,1.872,0.038,-13.168,4.593,1.11,0.0,3.165,2.312,12.885,1.872,0.038,1423.87,0,0,0,0,0,0,3,2,23726,26448,0,1,0,0
1_3_1_1,1,3,1,1,23726,26448,26448,DeuceCourt,166 KPH,Flat,NA,-11.345,-0.982,2.684,2,Unforced Error,NA,False,Ground,BackHand,3.38 Metre,NA,Long Error,False,False,True,5.265,0.822,0.038,T,1.138,0.0,0.152,-13.475,4.21,1.416,12.885,-1.038,0.033,13.584,1.985,1.096,0.0,3.033,2.439,-8.424,3.792,0.035,1890.06,0,0,0,0,0,0,0,0,23726,26448,0,2,0,0
1_3_2_1,1,3,2,1,23726,26448,26448,AdCourt,157 KPH,NA,NA,,,,6,Forced Error,NA,False,Ground,ForeHand,NA,NA,NA,False,False,False,,,,,,,,,,,,,,,,,,,,,,,1890.06,0,0,0,0,0,0,0,1,23726,26448,0,2,0,0
1_3_3_1,1,3,3,1,23726,26448,26448,DeuceCourt,152 KPH,Slice,NA,-11.781,-0.96,2.747,2,Unforced Error,NA,False,Ground,ForeHand,2.07 Metre,NA,Long Error,False,False,True,4.85,3.655,0.038,Wide,1.165,0.0,2.126,-11.087,-3.167,1.787,12.885,4.556,0.037,13.383,6.429,1.271,0.0,1.053,3.389,-6.389,-1.28,0.041,1894.52,0,0,0,0,0,0,0,2,23726,26448,0,2,0,0
1_3_4_1,1,3,4,1,23726,26448,26448,AdCourt,168.37 KPH,Kick,0.04 Metre,-11.342,1.003,2.72,0,Faulty Serve,Wide Error,False,NA,BackHand,1.15 Metre,NA,Wide Error,True,False,True,5.134,-4.158,0.03,Wide,1.151,0.0,-2.62,-11.342,1.003,2.72,5.134,-4.158,0.03,,,,,,,,,,0,1,0,0,0,0,0,0,3,23726,26448,0,2,0,0
1_3_4_2,1,3,4,2,23726,26448,23726,AdCourt,146 KPH,Flat,NA,-11.429,0.707,2.699,9,Unforced Error,NA,False,Ground,BackHand,1.55 Metre,NA,Wide Error,True,False,True,4.445,-0.59,0.037,T,1.048,0.0,-0.377,13.306,-4.192,1.127,-7.695,-4.927,0.03,13.052,-1.056,1.471,0.0,0.299,2.042,-8.551,1.554,0.037,1343.84,0,0,0,0,0,0,0,3,23726,26448,0,2,0,0
1_3_5_1,1,3,5,1,23726,26448,23726,DeuceCourt,136.02 KPH,Flat,0.13 Metre,-11.907,-0.802,2.771,0,Faulty Serve,Long Error,False,NA,BackHand,1.64 Metre,NA,NA,True,False,True,6.529,0.495,0.043,T,1.643,0.0,-0.261,-11.907,-0.802,2.771,6.529,0.495,0.043,,,,,,,,,,0,1,0,0,0,0,0,1,3,23726,26448,0,2,0,0
1_3_5_2,1,3,5,2,23726,26448,26448,DeuceCourt,151 KPH,Flat,NA,-11.509,-1.027,2.763,2,Unforced Error,NA,False,Ground,BackHand,1.7 Metre,NA,Wide Error,True,True,True,5.583,0.941,0.043,T,1.324,0.0,0.142,-12.424,1.562,1.022,9.419,-4.339,0.028,12.824,1.963,1.337,0.0,1.865,1.867,-9.61,1.622,0.037,1563.38,0,0,0,0,0,0,1,3,23726,26448,0,2,0,0
1_4_1_1,1,4,1,1,26448,23726,26448,DeuceCourt,178.65 KPH,Flat,0.77 Metre,-11.462,-1.319,2.74,0,Faulty Serve,Long Error,False,NA,BackHand,1.36 Metre,NA,NA,False,False,True,7.166,0.949,0.043,T,1.357,0.0,0.056,-11.462,-1.319,2.74,7.166,0.949,0.043,,,,,,,,,,0,1,0,0,0,0,0,0,0,23726,26448,0,3,0,0
1_4_1_2,1,4,1,2,26448,23726,26448,DeuceCourt,145 KPH,Slice,NA,-11.232,-1.553,2.717,11,Forced Error,NA,False,Ground,BackHand,2.03 Metre,NA,NA,False,False,True,4.702,1.618,0.038,Body,1.075,0.0,0.536,11.607,-2.878,0.509,-12.049,1.786,0.037,12.55,3.487,1.139,0.0,2.004,1.315,-7.709,1.047,0.037,1509.75,0,0,0,0,0,0,0,0,23726,26448,0,3,0,0
1_4_2_1,1,4,2,1,26448,23726,26448,AdCourt,175.16 KPH,NA,2.45 Metre,-11.491,1.054,2.708,0,Faulty Serve,Long Error,False,NA,ForeHand,1.55 Metre,NA,NA,False,False,True,8.848,-3.132,0.027,Wide,1.546,0.0,-1.376,-11.491,1.054,2.708,8.848,-3.132,0.027,,,,,,,,,,0,1,0,0,0,0,0,1,0,23726,26448,0,3,0,0
1_4_2_2,1,4,2,2,26448,23726,23726,AdCourt,122 KPH,Flat,NA,-11.598,1.175,2.747,2,Forced Error,NA,True,Ground,ForeHand,0.7 Metre,NA,NA,False,False,True,5.293,-2.313,0.034,Body,1.408,0.0,-1.494,-14.703,-3.289,0.952,-0.106,-1.811,0.043,12.031,-3.695,1.448,0.0,-3.197,2.015,-11.782,-3.169,0.031,1585.67,0,0,0,0,0,0,1,0,23726,26448,0,3,0,0
1_4_3_1,1,4,3,1,26448,23726,23726,DeuceCourt,162.19 KPH,Pronated,2.48 Metre,-11.425,-1.289,2.725,0,Faulty Serve,Long Error,False,NA,BackHand,0.94 Metre,NA,NA,False,False,True,8.876,0.771,0.043,T,0.944,0.0,0.186,-11.425,-1.289,2.725,8.876,0.771,0.043,,,,,,,,,,0,1,0,0,0,0,0,1,1,23726,26448,0,3,0,0
1_4_3_2,1,4,3,2,26448,23726,26448,DeuceCourt,145 KPH,Flat,NA,-11.435,-1.317,2.726,13,Winner,NA,False,Lob,BackHand,NA,Cross Court,NA,False,False,True,4.343,3.161,0.038,Wide,1.051,0.0,1.787,-12.839,3.689,0.819,11.276,-2.69,0.032,12.917,5.861,1.194,0.0,1.996,2.172,-11.835,-1.338,0.037,1707.33,0,0,0,0,0,0,1,1,23726,26448,0,3,0,0
1_4_4_1,1,4,4,1,26448,23726,26448,AdCourt,165 KPH,Flat,NA,-11.515,1.107,2.727,7,Winner,NA,False,Ground,BackHand,1.18 Metre,Down the Line,NA,False,False,True,4.723,-0.602,0.038,T,1.043,0.0,-0.184,-13.947,2.355,0.929,6.321,3.164,0.042,11.178,-1.214,1.307,0.0,-0.542,1.828,-11.021,0.124,0.038,1664.36,0,0,0,0,0,0,2,1,23726,26448,0,3,0,0
1_4_5_1,1,4,5,1,26448,23726,26448,DeuceCourt,179 KPH,Pronated,NA,-11.327,-1.306,2.703,1,Forced Error,NA,False,Ground,BackHand,1.54 Metre,NA,NA,False,False,True,5.719,0.789,0.043,T,1.125,0.0,0.061,11.872,1.513,1.077,-7.813,-4.615,0.03,11.872,1.513,1.077,0.0,-2.727,1.538,-7.813,-4.615,0.03,NA,0,0,0,0,0,0,3,1,23726,26448,0,3,0,0
1_5_1_1,1,5,1,1,23726,26448,23726,DeuceCourt,173 KPH,Flat,NA,11.575,0.904,2.766,3,Forced Error,NA,False,Lob,ForeHand,NA,NA,NA,False,False,True,-5.07,-0.198,0.04,T,1.084,0.0,0.206,-15.372,-2.933,1.05,12.885,-1.157,0.033,-14.093,-0.919,1.059,0.0,-1.692,2.535,6.697,-2.411,0.035,2168.56,0,0,0,0,0,0,0,0,23726,26448,0,4,0,0
1_5_2_1,1,5,2,1,23726,26448,23726,AdCourt,176 KPH,NA,1.54 Metre,11.308,-0.797,2.649,0,Faulty Serve,Long Error,False,NA,BackHand,1.47 Metre,NA,NA,False,False,True,-7.941,-0.156,0.037,T,1.465,0.0,-0.294,11.308,-0.797,2.649,-7.941,-0.156,0.037,,,,,,,,,,0,1,0,0,0,0,0,1,0,23726,26448,0,4,0,0
1_5_2_2,1,5,2,2,23726,26448,26448,AdCourt,142 KPH,Flat,NA,11.788,-0.91,2.828,6,Winner,NA,False,Ground,BackHand,1.14 Metre,Down the Line,NA,False,False,True,-4.171,2.576,0.031,Body,1.102,0.0,1.838,-9.062,2.102,1.35,6.154,2.281,0.042,-11.937,4.197,1.484,0.0,-0.089,2.123,11.11,-3.98,0.028,2294.06,0,0,0,0,0,0,1,0,23726,26448,0,4,0,0
1_5_3_1,1,5,3,1,23726,26448,26448,DeuceCourt,155 KPH,Flat,NA,11.359,1.051,2.652,2,Unforced Error,NA,True,NA,ForeHand,1.36 Metre,NA,NA,False,False,True,-5.083,-3.882,0.042,Wide,1.209,0.0,-2.188,9.714,0.063,0.536,,,,-13.775,-6.782,1.211,0.0,-3.066,1.359,6.212,-1.13,0.038,2718.11,0,0,0,0,0,0,1,1,23726,26448,0,4,0,0
1_5_4_1,1,5,4,1,23726,26448,26448,AdCourt,181.61 KPH,Slice,0.27 Metre,11.434,-0.509,2.664,0,Faulty Serve,Net Error,True,NA,ForeHand,0.92 Metre,NA,Net Error,False,False,True,0.269,3.08,0.027,Wide,0.92,0.0,2.558,11.434,-0.509,2.664,0.269,3.08,0.027,,,,,,,,,,0,1,0,0,0,0,0,1,2,23726,26448,0,4,0,0
1_5_4_2,1,5,4,2,23726,26448,23726,AdCourt,143 KPH,Pronated,NA,11.627,-1.158,2.726,5,Forced Error,NA,True,Ground,ForeHand,0.77 Metre,NA,NA,False,False,True,-5.505,3.663,0.034,Wide,1.401,0.0,2.336,-14.859,-3.08,0.542,-0.108,-1.404,0.043,-12.977,5.903,1.501,0.0,2.104,5.92,10.75,-0.572,0.033,NA,0,0,0,0,0,0,1,2,23726,26448,0,4,0,0
1_5_5_1,1,5,5,1,23726,26448,26448,DeuceCourt,152 KPH,Slice,NA,11.54,0.755,2.698,6,Unforced Error,NA,True,Ground,ForeHand,1.4 Metre,NA,NA,False,False,True,-5.701,-3.433,0.043,Wide,1.322,0.0,-1.846,13.532,1.454,0.897,0.316,-0.542,0.045,-13.524,-5.635,1.28,0.0,-3.385,2.105,8.913,-2.243,0.027,2490.96,0,0,0,0,0,0,2,2,23726,26448,0,4,0,0
1_5_6_1,1,5,6,1,23726,26448,23726,AdCourt,172 KPH,Flat,NA,11.283,-1.036,2.606,1,Forced Error,NA,False,Ground,ForeHand,3.17 Metre,NA,NA,True,False,True,-6.361,0.489,0.037,T,1.243,0.0,0.0,-14.151,0.962,1.026,12.753,-3.188,0.03,-14.151,0.962,1.026,0.0,-1.065,3.166,12.753,-3.188,0.03,1955.77,0,0,0,0,0,0,2,3,23726,26448,0,4,0,0
1_5_7_1,1,5,7,1,23726,26448,23726,DeuceCourt,176 KPH,Flat,NA,11.528,0.626,2.694,5,Winner,NA,False,Drop,ForeHand,1.46 Metre,Down the Line,NA,False,False,True,-4.781,-0.38,0.04,T,1.016,0.0,-0.032,2.923,-0.872,1.211,-3.868,-2.757,0.043,-14.491,-1.241,1.012,0.0,-1.016,2.157,5.251,-1.129,0.038,NA,0,0,0,0,0,0,3,3,23726,26448,0,4,0,0
1_5_8_1,1,5,8,1,23726,26448,23726,AdCourt,171 KPH,Flat,NA,11.467,-1.205,2.723,3,Winner,NA,False,Ground,ForeHand,1.38 Metre,Down the Line,NA,False,False,True,-5.431,0.123,0.038,T,1.126,0.0,-0.211,8.599,1.01,1.871,-9.07,3.148,0.035,-14.232,0.609,0.96,0.0,0.875,2.417,4.778,0.931,0.038,1070.9,0,0,0,0,0,0,4,3,23726,26448,0,4,0,0
1_6_1_1,1,6,1,1,26448,23726,23726,DeuceCourt,176 KPH,Pronated,NA,11.54,1.224,2.717,2,Unforced Error,NA,True,Ground,ForeHand,1.72 Metre,NA,NA,False,False,True,-5.34,-0.663,0.039,T,1.067,0.0,-0.039,11.083,3.237,0.816,0.225,3.441,0.028,-14.318,-1.653,1.018,0.0,1.103,1.718,8.683,2.776,0.037,2541.04,0,0,0,0,0,0,0,0,23726,26448,1,4,0,0
1_6_2_1,1,6,2,1,26448,23726,23726,AdCourt,165.28 KPH,Pronated,3.76 Metre,11.503,-0.961,2.744,0,Faulty Serve,Long Error,False,NA,ForeHand,0.97 Metre,NA,Wide Error,False,False,True,-10.131,4.615,0.029,Wide,0.973,0.0,1.802,11.503,-0.961,2.744,-10.131,4.615,0.029,,,,,,,,,,0,1,0,0,0,0,0,0,1,23726,26448,1,4,0,0
1_6_2_2,1,6,2,2,26448,23726,26448,AdCourt,127 KPH,Pronated,NA,11.569,-1.194,2.787,11,Unforced Error,NA,True,Ground,ForeHand,0.94 Metre,NA,Net Error,False,False,True,-4.775,2.708,0.032,Body,1.286,0.0,1.758,-11.738,-1.124,0.451,-0.205,-2.864,0.035,-11.0,4.246,1.648,0.0,-0.367,1.596,6.619,-3.038,0.032,3899.1,0,0,0,0,0,0,0,1,23726,26448,1,4,0,0
1_6_3_1,1,6,3,1,26448,23726,26448,DeuceCourt,158.07 KPH,Slice,0.34 Metre,11.456,1.499,2.697,0,Faulty Serve,Long Error,False,NA,ForeHand,1.43 Metre,NA,NA,False,False,True,-6.736,-4.02,0.038,Wide,1.434,0.0,-1.757,11.456,1.499,2.697,-6.736,-4.02,0.038,,,,,,,,,,0,1,0,0,0,0,0,1,1,23726,26448,1,4,0,0
1_6_3_2,1,6,3,2,26448,23726,26448,DeuceCourt,138 KPH,Flat,NA,11.556,1.174,2.729,7,Unforced Error,NA,True,Ground,ForeHand,1.47 Metre,NA,NA,False,False,True,-5.054,-1.745,0.042,Body,1.282,0.0,-0.636,-10.886,-3.852,0.912,-0.171,-4.673,0.035,-12.937,-3.386,1.108,0.0,-0.854,1.504,7.614,0.655,0.043,2435.35,0,0,0,0,0,0,1,1,23726,26448,1,4,0,0
1_6_4_1,1,6,4,1,26448,23726,26448,AdCourt,149 KPH,Flat,NA,11.513,-1.205,2.732,7,Forced Error,NA,False,Overhead,ForeHand,NA,NA,NA,False,False,True,-5.575,3.5,0.034,Wide,1.298,0.0,2.118,,,,,,,-14.109,5.68,1.342,0.0,0.487,1.576,7.815,-2.242,0.034,972.05,0,0,0,0,0,0,2,1,23726,26448,1,4,0,0
1_6_5_1,1,6,5,1,26448,23726,26448,DeuceCourt,182.37 KPH,Flat,0.57 Metre,11.488,1.326,2.689,0,Faulty Serve,Long Error,False,NA,BackHand,1.28 Metre,NA,NA,False,False,True,-6.968,-0.616,0.038,T,1.278,0.0,0.165,11.488,1.326,2.689,-6.968,-0.616,0.038,,,,,,,,,,0,1,0,0,0,0,0,3,1,23726,26448,1,4,0,0
1_6_5_2,1,6,5,2,26448,23726,26448,DeuceCourt,141 KPH,Slice,NA,11.405,1.411,2.732,11,Winner,NA,False,Ground,BackHand,1.4 Metre,Down the Line,NA,False,False,True,-5.461,-1.777,0.043,Body,1.273,0.0,-0.543,13.001,-5.088,0.681,-8.632,-3.563,0.033,-12.482,-3.414,1.225,0.0,-0.146,1.15,6.756,1.783,0.041,2124.56,0,0,0,0,0,0,3,1,23726,26448,1,4,0,0
1_7_1_1,1,7,1,1,23726,26448,23726,DeuceCourt,162.41 KPH,Flat,1.06 Metre,-11.405,-1.139,2.655,0,Faulty Serve,Long Error,False,NA,ForeHand,1.45 Metre,NA,NA,False,False,True,7.464,1.809,0.041,Body,1.449,0.0,0.455,-11.405,-1.139,2.655,7.464,1.809,0.041,,,,,,,,,,0,1,0,0,0,0,0,0,0,23726,26448,1,5,0,0
1_7_1_2,1,7,1,2,23726,26448,26448,DeuceCourt,131 KPH,Pronated,NA,-11.756,-0.801,2.729,2,Unforced Error,NA,True,Ground,ForeHand,0.77 Metre,NA,Net Error,False,False,True,4.548,0.512,0.038,T,1.277,0.0,-0.046,-11.208,0.699,0.588,-0.51,1.407,0.042,12.692,1.063,1.578,0.0,0.914,1.144,-4.274,0.809,0.043,3283.74,0,0,0,0,0,0,0,0,23726,26448,1,5,0,0
1_7_2_1,1,7,2,1,23726,26448,26448,AdCourt,147 KPH,Flat,NA,-11.53,0.669,2.666,4,Forced Error,NA,False,Ground,BackHand,1.85 Metre,NA,NA,False,False,True,5.25,-0.103,0.038,T,1.176,0.0,-0.025,-13.835,2.39,1.057,11.953,1.829,0.038,12.566,-0.311,1.335,0.0,1.09,2.853,-9.862,2.297,0.035,1148.92,0,0,0,0,0,0,0,1,23726,26448,1,5,0,0
1_7_3_1,1,7,3,1,23726,26448,23726,DeuceCourt,147 KPH,Slice,NA,-11.58,-0.971,2.696,1,Forced Error,NA,False,Ground,ForeHand,1.12 Metre,NA,NA,False,False,True,4.384,3.725,0.038,Wide,1.083,0.0,2.303,11.206,5.994,1.354,-7.321,4.615,0.024,11.206,5.994,1.354,0.0,5.412,1.122,-7.321,4.615,0.024,753.24,0,0,0,0,0,0,0,2,23726,26448,1,5,0,0
1_7_4_1,1,7,4,1,23726,26448,26448,AdCourt,149 KPH,Flat,NA,-11.752,1.005,2.782,10,Unforced Error,NA,False,Ground,ForeHand,2.13 Metre,NA,Long Error,False,False,True,5.397,-3.522,0.029,Wide,1.286,0.0,-2.275,-12.511,-4.104,0.879,12.885,1.967,0.039,13.339,-5.464,1.416,0.0,-0.547,1.31,-5.457,1.319,0.036,2484.98,0,0,0,0,0,0,1,2,23726,26448,1,5,0,0
1_7_5_1,1,7,5,1,23726,26448,26448,DeuceCourt,171 KPH,Flat,NA,-11.382,-0.974,2.721,4,Forced Error,NA,False,Ground,ForeHand,NA,NA,NA,True,True,True,6.078,1.089,0.043,T,1.239,0.0,0.297,-12.019,-3.388,0.734,12.885,1.295,0.036,13.686,2.089,1.203,0.0,2.483,2.554,-8.637,2.589,0.035,1644.48,0,0,0,0,0,0,1,3,23726,26448,1,5,0,0
2_1_1_1,2,1,1,1,26448,23726,26448,DeuceCourt,179 KPH,Flat,NA,-11.454,-1.257,2.717,5,Unforced Error,NA,False,Ground,BackHand,1.37 Metre,NA,NA,False,False,True,4.928,0.479,0.038,T,1.004,0.0,-0.087,,,,,,,12.062,1.374,1.16,0.0,-1.504,1.557,-7.671,-3.393,0.035,1439.25,0,0,0,0,0,0,0,0,23726,26448,0,0,0,1
2_1_2_1,2,1,2,1,26448,23726,26448,AdCourt,156.86 KPH,Flat,0.76 Metre,-11.444,1.246,2.739,0,Faulty Serve,Long Error,False,NA,ForeHand,1.48 Metre,NA,NA,False,False,True,7.161,-3.357,0.027,Wide,1.484,0.0,-1.782,-11.444,1.246,2.739,7.161,-3.357,0.027,,,,,,,,,,0,1,0,0,0,0,0,1,0,23726,26448,0,0,0,1
2_1_2_2,2,1,2,2,26448,23726,23726,AdCourt,118 KPH,Flat,NA,-11.592,1.104,2.776,4,Winner,NA,False,Ground,ForeHand,1.78 Metre,Cross Court,NA,False,False,True,3.738,-1.614,0.034,Body,1.091,0.0,-1.162,12.526,-1.44,1.668,-10.194,3.871,0.035,12.959,-3.004,1.489,0.0,-2.934,1.843,-10.133,-2.748,0.031,2755.82,0,0,0,0,0,0,1,0,23726,26448,0,0,0,1
2_1_3_1,2,1,3,1,26448,23726,23726,DeuceCourt,157.23 KPH,NA,NA,-11.378,-1.263,2.752,0,Faulty Serve,NA,True,NA,BackHand,0.91 Metre,NA,NA,False,False,True,,,,,0.914,0.0,0.671,-11.378,-1.263,2.752,,,,,,,,,,,,,0,1,0,0,0,0,0,1,1,23726,26448,0,0,0,1
2_1_3_2,2,1,3,2,26448,23726,26448,DeuceCourt,140 KPH,Slice,NA,-11.498,-1.453,2.722,3,Unforced Error,NA,False,Ground,BackHand,1.19 Metre,NA,Wide Error,False,False,True,6.059,1.879,0.042,Body,1.396,0.0,0.47,13.005,-2.066,0.947,-7.848,-4.936,0.031,13.035,3.624,1.331,0.0,0.252,1.744,-7.489,-1.609,0.042,1616.76,0,0,0,0,0,0,1,1,23726,26448,0,0,0,1
2_1_4_1,2,1,4,1,26448,23726,26448,AdCourt,163 KPH,Flat,NA,-11.488,1.249,2.747,5,Unforced Error,NA,False,Ground,ForeHand,3.79 Metre,NA,Wide Error,False,False,True,4.801,-0.678,0.038,T,1.074,0.0,-0.23,16.775,0.156,1.673,-10.803,4.815,0.033,14.429,-1.631,1.251,0.0,2.167,1.266,-4.666,3.399,0.032,2951.58,0,0,0,0,0,0,2,1,23726,26448,0,0,0,1
2_1_5_1,2,1,5,1,26448,23726,26448,DeuceCourt,163 KPH,NA,NA,,,,0,Faulty Serve,NA,False,Ground,ForeHand,3.79 Metre,NA,NA,False,False,False,,,,,,,,,,,,,,,,,,,,,,,2951.58,1,0,0,0,0,0,3,1,23726,26448,0,0,0,1
2_1_5_2,2,1,5,2,26448,23726,23726,DeuceCourt,0 KPH,Pronated,NA,-11.432,-1.36,2.74,14,Forced Error,NA,True,Ground,ForeHand,0.77 Metre,NA,NA,False,False,True,4.425,0.629,0.037,T,1.149,0.0,-0.125,-13.437,-4.262,0.714,-0.08,-2.007,0.043,11.229,1.475,1.355,0.0,1.709,1.677,-8.9,1.937,0.035,NA,0,0,0,0,0,0,3,1,23726,26448,0,0,0,1
2_1_6_1,2,1,6,1,26448,23726,26448,AdCourt,140 KPH,Slice,NA,-11.441,1.279,2.768,3,Unforced Error,NA,False,Ground,BackHand,1.63 Metre,NA,Wide Error,False,False,True,5.276,-2.604,0.034,Body,1.229,0.0,-1.583,11.768,-2.551,0.864,-11.835,-4.51,0.027,11.276,-3.757,1.164,0.0,-0.461,1.438,-9.016,1.992,0.035,1684.65,0,0,0,0,0,0,3,2,23726,26448,0,0,0,1
2_2_1_1,2,2,1,1,23726,26448,26448,DeuceCourt,149 KPH,Flat,NA,-11.608,-0.844,2.669,6,Unforced Error,NA,True,Ground,ForeHand,0.94 Metre,NA,Net Error,False,False,True,4.655,1.303,0.038,T,1.149,0.0,0.516,-11.381,-0.926,1.545,-0.54,1.902,0.041,14.113,2.731,1.317,0.0,1.717,2.459,-10.72,0.434,0.039,2007.18,0,0,0,0,0,0,0,0,23726,26448,0,1,0,1
2_2_2_1,2,2,2,1,23726,26448,26448,AdCourt,151.58 KPH,Slice,0.61 Metre,-11.765,1.144,2.763,0,Faulty Serve,Long Error,False,NA,ForeHand,1.55 Metre,NA,NA,False,False,True,7.012,-4.072,0.026,Wide,1.552,0.0,-2.388,-11.765,1.144,2.763,7.012,-4.072,0.026,,,,,,,,,,0,1,0,0,0,0,0,0,1,23726,26448,0,1,0,1
2_2_2_2,2,2,2,2,23726,26448,23726,AdCourt,118 KPH,Flat,NA,-11.75,1.641,2.726,7,Winner,NA,False,Volley,ForeHand,1.11 Metre,Down the Line,NA,False,False,True,5.177,-3.139,0.03,Wide,1.59,0.0,-1.954,-6.858,-0.387,1.873,5.326,-1.238,0.038,12.843,-5.223,1.513,0.0,-1.539,2.186,-9.452,0.649,0.04,1750.58,0,0,0,0,0,0,0,1,23726,26448,0,1,0,1
2_2_3_1,2,2,3,1,23726,26448,23726,DeuceCourt,157 KPH,Slice,NA,-11.653,-1.214,2.736,1,Forced Error,NA,False,Ground,ForeHand,NA,NA,NA,False,False,True,5.324,2.003,0.042,Body,1.201,0.0,0.823,13.491,3.878,1.405,-12.1,-2.265,0.035,13.491,3.878,1.405,0.0,-0.211,6.224,-12.1,-2.265,0.035,2353.92,0,0,0,0,0,0,1,1,23726,26448,0,1,0,1
2_2_4_1,2,2,4,1,23726,26448,23726,AdCourt,155 KPH,NA,NA,-11.292,0.776,2.686,1,Ace,NA,False,NA,ForeHand,1.3 Metre,Cross Court,NA,False,False,True,6.072,-0.003,0.04,T,1.299,0.0,0.115,-11.292,0.776,2.686,6.072,-0.003,0.04,,,,,,,,,,0,0,0,0,1,0,0,2,1,23726,26448,0,1,0,1
2_2_5_1,2,2,5,1,23726,26448,23726,DeuceCourt,167 KPH,Flat,NA,-11.336,-1.224,2.725,1,Ace,NA,False,NA,ForeHand,1.19 Metre,Cross Court,NA,False,False,True,5.867,0.042,0.039,T,1.185,0.0,-0.476,-11.336,-1.224,2.725,5.867,0.042,0.039,,,,,,,,,,0,0,0,0,1,0,1,3,1,23726,26448,0,1,0,1
2_3_1_1,2,3,1,1,26448,23726,26448,DeuceCourt,174 KPH,NA,NA,11.365,1.319,2.717,1,Winner,NA,False,NA,BackHand,1.07 Metre,Cross Court,NA,False,False,True,-5.302,-0.072,0.039,T,1.07,0.0,0.375,11.365,1.319,2.717,-5.302,-0.072,0.039,,,,,,,,,,0,0,0,0,0,0,1,0,0,23726,26448,1,1,0,1
2_3_2_1,2,3,2,1,26448,23726,23726,AdCourt,174 KPH,Flat,NA,11.511,-0.896,2.668,2,Unforced Error,NA,False,Ground,BackHand,1.9 Metre,NA,Long Error,False,False,True,-5.562,0.109,0.038,T,1.122,0.0,-0.183,10.469,-1.956,1.102,-12.21,-2.003,0.036,-14.655,0.627,1.091,0.0,-0.95,1.651,6.598,-1.583,0.037,2262.93,0,0,0,0,0,0,1,0,23726,26448,1,1,0,1
2_3_3_1,2,3,3,1,26448,23726,23726,DeuceCourt,165 KPH,Flat,NA,11.477,1.364,2.747,6,Winner,NA,False,Ground,ForeHand,1.23 Metre,Down the Line,NA,False,False,True,-5.495,-1.027,0.04,T,1.16,0.0,-0.171,-12.49,2.174,1.499,7.724,2.757,0.037,-12.043,-2.098,0.985,0.0,-0.509,1.337,9.228,0.775,0.036,2192.92,0,0,0,0,0,0,1,1,23726,26448,1,1,0,1
2_3_4_1,2,3,4,1,26448,23726,23726,AdCourt,141 KPH,Flat,NA,11.753,-1.505,2.771,8,Forced Error,NA,False,Ground,ForeHand,2.21 Metre,NA,NA,False,False,True,-4.52,2.597,0.033,Body,1.148,0.0,1.643,15.059,6.344,1.083,-5.169,4.618,0.032,-11.79,4.407,1.377,0.0,1.335,1.242,7.093,-0.405,0.039,NA,0,0,0,0,0,0,1,2,23726,26448,1,1,0,1
2_3_5_1,2,3,5,1,26448,23726,23726,DeuceCourt,161.38 KPH,Pronated,0.16 Metre,11.421,1.292,2.692,0,Faulty Serve,NA,True,NA,BackHand,2.21 Metre,NA,NA,True,False,True,0.156,-1.75,0.044,Body,,,,11.421,1.292,2.692,0.156,-1.75,0.044,,,,,,,,,,0,1,0,0,0,0,0,1,3,23726,26448,1,1,0,1
2_3_5_2,2,3,5,2,26448,23726,26448,DeuceCourt,136 KPH,Slice,NA,11.602,1.102,2.766,3,Forced Error,NA,False,Ground,BackHand,1.41 Metre,NA,NA,True,False,True,-5.247,-1.063,0.039,T,1.327,0.0,-0.148,-7.299,2.716,0.445,10.739,-4.373,0.029,-13.044,-2.361,1.329,0.0,-2.776,1.601,9.733,-3.016,0.029,NA,0,0,0,0,0,0,1,3,23726,26448,1,1,0,1
2_3_6_1,2,3,6,1,26448,23726,23726,AdCourt,155 KPH,Slice,NA,11.39,-0.766,2.734,10,Winner,NA,False,Drop,BackHand,1.37 Metre,Down the Line,NA,True,True,True,-5.911,2.913,0.04,Wide,1.262,0.0,1.776,-9.396,2.945,0.47,3.191,1.286,0.033,-14.391,4.338,0.995,0.0,1.899,1.321,7.344,0.884,0.043,NA,0,0,0,0,0,0,2,3,23726,26448,1,1,0,1
2_4_1_1,2,4,1,1,23726,26448,26448,DeuceCourt,136 KPH,Pronated,NA,11.618,0.795,2.741,8,Forced Error,NA,False,Lob,BackHand,NA,NA,NA,False,False,True,-3.947,-0.954,0.044,T,1.115,0.0,-0.325,15.498,-2.983,1.24,-12.498,1.073,0.04,-13.532,-1.974,1.244,0.0,-1.622,2.012,9.09,-1.301,0.038,2269.13,0,0,0,0,0,0,0,0,23726,26448,2,1,0,1
2_4_2_1,2,4,2,1,23726,26448,23726,AdCourt,142 KPH,Flat,NA,11.693,-1.212,2.739,7,Unforced Error,NA,False,Ground,ForeHand,1.64 Metre,NA,Wide Error,False,False,True,-5.762,3.398,0.039,Wide,1.428,0.0,2.132,-13.609,-1.5,1.178,7.01,-4.328,0.026,-12.672,5.164,1.396,0.0,1.011,2.105,10.743,-2.208,0.032,1715,0,0,0,0,0,0,0,1,23726,26448,2,1,0,1
2_4_3_1,2,4,3,1,23726,26448,23726,DeuceCourt,145.16 KPH,NA,0.94 Metre,11.513,1.332,2.722,0,Faulty Serve,Net Error,True,NA,ForeHand,0.95 Metre,NA,Net Error,False,False,True,0.937,-2.238,0.032,Body,0.954,0.0,-1.793,11.513,1.332,2.722,0.937,-2.238,0.032,,,,,,,,,,0,1,0,0,0,0,0,1,1,23726,26448,2,1,0,1
2_4_3_2,2,4,3,2,23726,26448,23726,DeuceCourt,140 KPH,Flat,NA,11.59,1.249,2.741,1,Unforced Error,NA,True,Ground,ForeHand,1.25 Metre,NA,NA,False,False,True,-4.771,-3.558,0.042,Wide,1.247,0.0,-1.923,-10.868,-5.548,1.432,-0.666,0.494,0.042,,,,,,,,,,NA,0,0,0,0,0,0,1,1,23726,26448,2,1,0,1
2_4_4_1,2,4,4,1,23726,26448,23726,AdCourt,157.06 KPH,Flat,0.07 Metre,11.623,-1.168,2.797,0,Faulty Serve,Wide Error,False,NA,ForeHand,1.16 Metre,NA,NA,False,False,True,-5.041,-0.068,0.04,T,1.164,0.0,-0.276,11.623,-1.168,2.797,-5.041,-0.068,0.04,,,,,,,,,,0,1,0,0,0,0,0,2,1,23726,26448,2,1,0,1
2_4_4_2,2,4,4,2,23726,26448,23726,AdCourt,120 KPH,Pronated,NA,11.686,-1.246,2.763,3,Forced Error,NA,True,Ground,ForeHand,0.78 Metre,NA,NA,False,False,True,-4.609,3.78,0.033,Wide,1.464,0.0,2.624,-14.78,-2.1,0.773,-0.407,-0.66,0.042,-11.534,5.95,1.55,0.0,1.517,4.053,5.74,-0.379,0.039,1091.68,0,0,0,0,0,0,2,1,23726,26448,2,1,0,1
2_4_5_1,2,4,5,1,23726,26448,23726,DeuceCourt,161 KPH,Slice,NA,11.677,1.115,2.745,1,Winner,NA,False,NA,BackHand,1.29 Metre,Cross Court,NA,False,False,True,-6.284,-2.614,0.044,Body,1.291,0.0,-1.121,11.677,1.115,2.745,-6.284,-2.614,0.044,,,,,,,,,,0,0,0,0,0,0,0,3,1,23726,26448,2,1,0,1
2_5_1_1,2,5,1,1,26448,23726,26448,DeuceCourt,153 KPH,Slice,NA,-11.336,-1.55,2.618,1,Ace,NA,False,NA,ForeHand,1.16 Metre,Cross Court,NA,False,False,True,5.351,3.883,0.038,Wide,1.16,0.0,1.981,-11.336,-1.55,2.618,5.351,3.883,0.038,,,,,,,,,,0,0,0,0,1,0,0,0,0,23726,26448,3,1,0,1
2_5_2_1,2,5,2,1,26448,23726,23726,AdCourt,154 KPH,Flat,NA,-11.474,0.982,2.751,8,Winner,NA,False,Ground,ForeHand,1.54 Metre,Down the Line,NA,False,False,True,4.548,-3.342,0.03,Wide,1.055,0.0,-2.209,11.358,2.172,1.229,-10.714,3.763,0.038,10.966,-4.938,1.384,0.0,-1.775,1.586,-8.806,0.632,0.037,2455.86,0,0,0,0,0,1,1,0,23726,26448,3,1,0,1
2_5_3_1,2,5,3,1,26448,23726,23726,DeuceCourt,163.38 KPH,NA,0.26 Metre,-11.37,-1.383,2.656,0,Faulty Serve,Net Error,True,NA,BackHand,0.92 Metre,NA,Net Error,False,False,True,-0.262,2.079,0.031,Body,0.918,0.0,1.985,-11.37,-1.383,2.656,-0.262,2.079,0.031,,,,,,,,,,0,1,0,0,0,0,0,1,1,23726,26448,3,1,0,1
2_5_3_2,2,5,3,2,26448,23726,26448,DeuceCourt,146 KPH,Flat,NA,-11.658,-1.13,2.795,5,Unforced Error,NA,False,Ground,BackHand,1.23 Metre,NA,Wide Error,False,False,True,5.576,1.097,0.042,T,1.298,0.0,0.195,12.881,-2.581,0.782,-9.268,-4.741,0.033,13.353,2.313,1.413,0.0,2.751,1.482,-7.186,2.922,0.04,1233.69,0,0,0,0,0,0,1,1,23726,26448,3,1,0,1
2_5_4_1,2,5,4,1,26448,23726,26448,AdCourt,165 KPH,Flat,NA,-11.395,0.86,2.732,5,Unforced Error,NA,False,Ground,ForeHand,2.42 Metre,NA,Wide Error,False,False,True,4.605,-0.944,0.038,T,1.022,0.0,-0.507,13.462,1.368,1.053,-11.038,4.788,0.032,14.615,-1.826,1.254,0.0,0.526,2.162,-11.482,2.728,0.035,2298.24,0,0,0,0,0,0,2,1,23726,26448,3,1,0,1
2_5_5_1,2,5,5,1,26448,23726,23726,DeuceCourt,162.77 KPH,Slice,0.21 Metre,-11.339,-1.386,2.629,0,Faulty Serve,Wide Error,False,NA,NA,1.27 Metre,NA,Wide Error,False,False,True,5.938,4.326,0.039,Wide,1.273,0.0,2.204,-11.339,-1.386,2.629,5.938,4.326,0.039,,,,,,,,,,0,1,0,0,0,0,0,3,1,23726,26448,3,1,0,1
2_5_5_2,2,5,5,2,26448,23726,23726,DeuceCourt,157.7 KPH,Slice,NA,-11.458,-1.231,2.691,0,DoubleFault,NA,False,NA,BackHand,1.44 Metre,NA,NA,False,False,True,7.018,2.577,0.042,Body,1.444,0.0,0.927,-11.458,-1.231,2.691,7.018,2.577,0.042,,,,,,,,,,0,1,1,0,0,0,0,3,1,23726,26448,3,1,0,1
2_5_6_1,2,5,6,1,26448,23726,26448,AdCourt,150 KPH,Flat,NA,-11.358,1.058,2.688,5,Winner,NA,False,Ground,BackHand,1.61 Metre,Cross Court,NA,False,False,True,5.836,-2.913,0.032,Wide,1.266,0.0,-1.739,-12.983,1.983,0.713,10.258,-4.014,0.032,12.808,-4.348,1.184,0.0,0.021,1.58,-7.461,2.275,0.039,1873.73,0,0,0,0,1,0,3,2,23726,26448,3,1,0,1
2_6_1_1,2,6,1,1,23726,26448,23726,DeuceCourt,0 KPH,Slice,NA,-11.77,-0.998,2.754,7,Winner,NA,False,Ground,ForeHand,1.26 Metre,Down the Line,NA,False,False,True,3.905,3.011,0.036,Wide,1.016,0.0,1.84,,,,,,,11.85,5.419,1.368,0.0,2.872,1.739,-8.452,1.271,0.037,3064.62,0,0,0,0,0,0,0,0,23726,26448,3,2,0,1
2_6_2_1,2,6,2,1,23726,26448,23726,AdCourt,128 KPH,Pronated,NA,-11.489,1.282,2.625,1,Forced Error,NA,True,Ground,BackHand,1.47 Metre,NA,NA,False,False,True,5.368,-3.28,0.029,Wide,1.47,0.0,-2.058,12.442,-5.335,1.671,0.244,-2.575,0.033,,,,,,,,,,1249.78,0,0,0,0,0,0,1,0,23726,26448,3,2,0,1
2_6_3_1,2,6,3,1,23726,26448,26448,DeuceCourt,177.27 KPH,Flat,0.18 Metre,-11.211,-0.768,2.653,0,Faulty Serve,Long Error,False,NA,NA,1.25 Metre,NA,NA,False,False,True,6.584,0.209,0.042,T,1.25,0.0,-0.204,-11.211,-0.768,2.653,6.584,0.209,0.042,,,,,,,,,,0,1,0,0,0,0,0,2,0,23726,26448,3,2,0,1
2_6_3_2,2,6,3,2,23726,26448,26448,DeuceCourt,134.86 KPH,Flat,2.61 Metre,-11.858,-0.276,2.717,0,DoubleFault,Long Error,False,NA,NA,2.21 Metre,NA,NA,False,False,True,9.009,-3.683,0.027,Wide,2.21,0.0,-2.719,-11.858,-0.276,2.717,9.009,-3.683,0.027,,,,,,,,,,0,1,1,0,0,0,0,2,0,23726,26448,3,2,0,1
2_6_4_1,2,6,4,1,23726,26448,26448,AdCourt,149 KPH,Kick,NA,-11.585,1.498,2.745,12,Winner,NA,False,Lob,ForeHand,3.44 Metre,Down the Line,NA,False,False,True,6.241,-0.809,0.037,T,1.427,0.0,-0.226,7.79,3.225,0.244,-9.004,3.819,0.035,13.415,-1.51,1.55,0.0,-1.224,2.624,-9.58,-0.705,0.037,880.98,0,0,0,0,1,0,2,1,23726,26448,3,2,0,1
2_6_5_1,2,6,5,1,23726,26448,23726,DeuceCourt,149 KPH,Flat,NA,-11.719,-0.923,2.747,13,Unforced Error,NA,True,Ground,BackHand,1.1 Metre,NA,NA,False,False,True,5.064,3.905,0.038,Wide,1.243,0.0,2.265,12.377,-0.436,0.855,0.641,-1.917,0.044,13.433,6.538,1.113,0.0,1.82,2.303,-8.595,-1.893,0.033,NA,0,0,0,0,0,0,2,2,23726,26448,3,2,0,1
2_6_6_1,2,6,6,1,23726,26448,23726,AdCourt,42.74 KPH,NA,NA,-11.765,1.33,0.039,0,Faulty Serve,NA,False,NA,ForeHand,1.1 Metre,NA,NA,False,False,True,,,,,,,,-11.765,1.33,0.039,,,,,,,,,,,,,0,1,0,0,0,0,0,3,2,23726,26448,3,2,0,1
2_6_6_2,2,6,6,2,23726,26448,23726,AdCourt,115 KPH,Pronated,NA,-11.843,1.953,2.637,9,Winner,NA,False,Ground,ForeHand,1.62 Metre,Cross Court,NA,False,False,True,4.158,-2.12,0.03,Body,1.343,0.0,-1.261,-12.626,3.028,1.815,10.157,-4.043,0.031,13.722,-4.809,1.307,0.0,-0.424,2.097,-6.721,1.388,0.036,1082.52,0,0,0,0,0,0,3,2,23726,26448,3,2,0,1
2_7_1_1,2,7,1,1,26448,23726,23726,DeuceCourt,175.42 KPH,NA,0.79 Metre,11.396,1.14,2.688,0,Faulty Serve,Long Error,False,NA,NA,1.31 Metre,NA,NA,False,False,True,-7.188,-0.891,0.04,T,1.313,0.0,-0.084,11.396,1.14,2.688,-7.188,-0.891,0.04,,,,,,,,,,NA,1,0,0,0,0,0,0,0,23726,26448,4,2,0,1
2_7_1_2,2,7,1,2,26448,23726,23726,DeuceCourt,134.43 KPH,NA,NA,11.557,0.958,2.747,0,DoubleFault,NA,True,NA,BackHand,1.62 Metre,NA,NA,False,False,True,0.383,-0.683,0.045,T,,,,11.557,0.958,2.747,0.383,-0.683,0.045,,,,,,,,,,0,1,1,0,0,0,0,0,0,23726,26448,4,2,0,1
2_7_2_1,2,7,2,1,26448,23726,26448,AdCourt,151 KPH,Slice,NA,11.594,-1.244,2.724,1,Forced Error,NA,False,Ground,BackHand,1.83 Metre,NA,NA,False,False,True,-5.45,3.696,0.033,Wide,1.247,0.0,2.325,-13.993,5.742,1.236,8.231,-4.681,0.028,-13.993,5.742,1.236,0.0,-0.803,1.832,8.231,-4.681,0.028,1517.34,0,0,0,0,1,0,0,1,23726,26448,4,2,0,1
2_7_3_1,2,7,3,1,26448,23726,26448,DeuceCourt,153 KPH,Slice,NA,11.55,1.268,2.736,3,Forced Error,NA,False,Ground,ForeHand,2.93 Metre,NA,NA,False,False,True,-4.305,-1.827,0.043,Body,1.009,0.0,-0.861,-13.822,-4.266,0.443,12.885,0.489,0.035,-11.39,-3.574,1.284,0.0,-0.927,2.269,9.194,0.934,0.037,2189.76,0,0,0,0,0,0,1,1,23726,26448,4,2,0,1
2_7_4_1,2,7,4,1,26448,23726,26448,AdCourt,169 KPH,Flat,NA,11.5,-0.901,2.694,5,Unforced Error,NA,False,Lob,BackHand,1.83 Metre,NA,NA,False,False,True,-6.175,3.093,0.04,Wide,1.207,0.0,1.746,,,,,,,-11.676,4.255,1.1,0.0,1.853,2.682,11.167,-0.297,0.034,1279.22,0,0,0,0,0,0,2,1,23726,26448,4,2,0,1
2_7_5_1,2,7,5,1,26448,23726,26448,DeuceCourt,166 KPH,Pronated,NA,11.543,1.127,2.743,1,Ace,NA,False,NA,ForeHand,1 Metre,Cross Court,NA,False,False,True,-4.531,-0.021,0.042,T,0.996,0.0,0.302,11.543,1.127,2.743,-4.531,-0.021,0.042,,,,,,,,,,0,0,0,0,1,0,0,3,1,23726,26448,4,2,0,1
2_8_1_1,2,8,1,1,23726,26448,23726,DeuceCourt,171.38 KPH,NA,0.9 Metre,11.462,1.179,2.705,0,Faulty Serve,NA,True,NA,BackHand,1.62 Metre,NA,NA,False,False,True,0.655,0.611,0.044,T,,,,11.462,1.179,2.705,0.655,0.611,0.044,,,,,,,,,,0,1,0,0,0,0,1,0,0,23726,26448,4,3,0,1
2_8_1_2,2,8,1,2,23726,26448,26448,DeuceCourt,142 KPH,Kick,NA,11.446,1.138,2.737,2,Forced Error,NA,False,Ground,BackHand,3.49 Metre,NA,NA,False,False,True,-4.249,-3.139,0.042,Wide,1.109,0.0,-1.773,13.792,-2.718,0.793,-9.26,4.554,0.036,-11.406,-5.208,1.573,0.0,-3.857,1.235,6.966,-3.296,0.031,NA,0,0,0,0,0,0,0,0,23726,26448,4,3,0,1
2_8_2_1,2,8,2,1,23726,26448,26448,AdCourt,136 KPH,Flat,NA,11.586,-1.004,2.74,16,Winner,NA,False,Ground,BackHand,1.59 Metre,Down the Line,NA,False,False,True,-4.655,2.953,0.033,Wide,1.232,0.0,2.047,-11.707,2.889,0.589,2.785,3.622,0.033,-13.315,4.844,1.101,0.0,0.087,2.352,9.069,-3.058,0.027,NA,0,0,0,0,0,0,0,1,23726,26448,4,3,0,1
2_8_3_1,2,8,3,1,23726,26448,26448,DeuceCourt,136 KPH,NA,NA,,,,0,Faulty Serve,NA,False,Ground,ForeHand,1.59 Metre,NA,NA,False,False,False,,,,,,,,,,,,,,,,,,,,,,,NA,1,0,0,0,0,0,0,2,23726,26448,4,3,0,1
2_8_3_2,2,8,3,2,23726,26448,26448,DeuceCourt,123 KPH,Flat,NA,12.049,0.76,2.735,8,Winner,NA,False,Approach,ForeHand,1.23 Metre,Down the Line,NA,False,False,True,-6.178,-2.139,0.044,Body,1.763,0.0,-0.796,-5.006,-2.787,1.184,7.75,-3.37,0.028,-13.851,-3.398,1.364,0.0,-2.701,2.302,10.311,-2.748,0.031,2445.94,0,0,0,0,0,0,0,2,23726,26448,4,3,0,1
2_8_4_1,2,8,4,1,23726,26448,23726,AdCourt,130 KPH,Flat,NA,11.793,-1.339,2.749,3,Winner,NA,False,Ground,ForeHand,1.73 Metre,Down the Line,NA,True,False,True,-4.679,1.988,0.039,Body,1.289,0.0,1.243,13.633,2.126,1.17,-9.647,4.055,0.035,-13.874,3.811,1.297,0.0,2.774,1.959,7.349,2.584,0.042,2590.2,0,0,0,0,0,0,0,3,23726,26448,4,3,0,1
2_8_5_1,2,8,5,1,23726,26448,26448,DeuceCourt,129 KPH,Flat,NA,11.723,1.038,2.766,6,Unforced Error,NA,False,Volley,BackHand,1.47 Metre,NA,Wide Error,True,True,True,-4.152,-1.429,0.044,Body,1.239,0.0,-0.561,5.001,-1.773,2.403,-4.655,-4.283,0.042,-14.397,-3.068,1.166,0.0,-1.434,2.073,6.799,-0.797,0.037,768.52,0,0,0,0,0,0,1,3,23726,26448,4,3,0,1
2_9_1_1,2,9,1,1,26448,23726,26448,DeuceCourt,166 KPH,NA,NA,,,,0,Faulty Serve,NA,False,NA,ForeHand,1 Metre,NA,NA,False,False,False,,,,,,,,,,,,,,,,,,,,,,,0,1,0,0,0,0,0,0,0,23726,26448,4,4,0,1
2_9_1_2,2,9,1,2,26448,23726,23726,DeuceCourt,124 KPH,Flat,NA,-11.57,-1.331,2.747,2,Winner,NA,False,Ground,ForeHand,1.5 Metre,Down the Line,NA,False,False,True,3.921,1.427,0.035,Body,1.067,0.0,0.538,10.693,2.81,1.472,-9.617,2.89,0.035,10.693,2.81,1.472,0.0,2.716,1.505,-9.617,2.89,0.035,2100.28,0,0,0,0,0,0,0,0,23726,26448,4,4,0,1
2_9_2_1,2,9,2,1,26448,23726,26448,AdCourt,142 KPH,Flat,NA,-11.532,1.189,2.785,3,Unforced Error,NA,True,Ground,BackHand,0.91 Metre,NA,Net Error,False,False,True,6.021,-3.024,0.032,Wide,1.371,0.0,-1.789,13.753,-3.806,1.371,,,,11.247,-4.19,1.305,0.0,-0.435,1.307,-5.446,1.363,0.036,3072.55,0,0,0,0,0,0,0,1,23726,26448,4,4,0,1
2_9_3_1,2,9,3,1,26448,23726,23726,DeuceCourt,159.97 KPH,NA,0.1 Metre,-11.454,-1.378,2.689,0,Faulty Serve,Net Error,True,NA,NA,0.96 Metre,NA,Net Error,False,False,True,-0.105,4.1,0.03,Wide,0.962,0.0,1.78,-11.454,-1.378,2.689,-0.105,4.1,0.03,,,,,,,,,,0,1,0,0,0,0,0,1,1,23726,26448,4,4,0,1
2_9_3_2,2,9,3,2,26448,23726,23726,DeuceCourt,131.42 KPH,Flat,NA,-11.461,-1.255,2.776,0,DoubleFault,NA,False,NA,BackHand,0.95 Metre,NA,NA,False,False,True,6.48,1.199,0.042,T,0.954,0.0,0.415,-11.461,-1.255,2.776,6.48,1.199,0.042,,,,,,,,,,0,1,1,0,0,0,0,1,1,23726,26448,4,4,0,1
2_9_4_1,2,9,4,1,26448,23726,23726,AdCourt,155 KPH,Flat,NA,-11.607,1.192,2.784,2,Forced Error,NA,False,Ground,ForeHand,2.96 Metre,NA,NA,False,False,True,4.54,-0.525,0.038,T,1.062,0.0,-0.166,-12.596,-0.172,0.452,12.232,-0.886,0.032,11.628,-1.173,1.474,0.0,-0.798,1.559,-10.836,-0.257,0.037,2119.11,0,0,0,0,1,0,1,2,23726,26448,4,4,0,1
2_9_5_1,2,9,5,1,26448,23726,23726,DeuceCourt,156 KPH,Flat,NA,-11.572,-1.45,2.745,6,Winner,NA,False,NA,ForeHand,1.2 Metre,Cross Court,NA,True,True,True,4.738,2.574,0.038,Body,1.08,0.0,1.286,5.041,1.924,0.812,-2.491,-1.765,0.043,11.04,4.295,1.233,0.0,2.229,1.751,-11.785,0.262,0.039,767.11,0,0,0,0,0,0,1,3,23726,26448,4,4,0,1
2_10_1_1,2,10,1,1,23726,26448,23726,DeuceCourt,173 KPH,Flat,NA,-11.343,-1.365,2.718,3,Winner,NA,False,Ground,ForeHand,1.65 Metre,Down the Line,NA,False,False,True,5.504,0.353,0.039,T,1.137,0.0,-0.264,-9.048,1.265,1.371,9.436,2.879,0.037,14.305,1.361,1.074,0.0,0.888,3.78,-7.982,0.955,0.037,3280.85,0,0,0,0,0,0,0,0,23726,26448,5,4,0,1
2_10_2_1,2,10,2,1,23726,26448,23726,AdCourt,173 KPH,NA,NA,,,,0,Faulty Serve,NA,False,Ground,BackHand,1.65 Metre,NA,NA,False,False,False,,,,,,,,,,,,,,,,,,,,,,,3280.85,1,0,0,0,0,0,1,0,23726,26448,5,4,0,1
2_10_2_2,2,10,2,2,23726,26448,23726,AdCourt,120 KPH,Pronated,NA,-11.511,1.643,2.691,9,Unforced Error,NA,True,Passing,BackHand,1.33 Metre,NA,NA,False,False,True,4.254,-3.426,0.03,Wide,1.308,0.0,-2.302,14.983,-4.421,0.812,10.592,-3.467,0.03,12.677,-6.24,1.659,0.0,-1.039,3.556,-10.302,2.489,0.036,1698.67,0,0,0,0,0,0,1,0,23726,26448,5,4,0,1
2_10_3_1,2,10,3,1,23726,26448,23726,DeuceCourt,139 KPH,Slice,NA,-11.514,-1.331,2.718,3,Unforced Error,NA,False,Ground,ForeHand,1.94 Metre,NA,Wide Error,False,False,True,5.041,3.694,0.038,Wide,1.254,0.0,1.91,13.258,4.261,1.353,-7.034,4.445,0.035,12.81,6.444,1.247,0.0,0.888,2.367,-9.751,-3.227,0.032,1969.46,0,0,0,0,0,0,2,0,23726,26448,5,4,0,1
2_10_4_1,2,10,4,1,23726,26448,23726,AdCourt,159 KPH,Flat,NA,-11.755,1.237,2.763,5,Winner,NA,False,NA,BackHand,1.57 Metre,Down the Line,NA,False,False,True,6.026,-0.332,0.039,T,1.277,0.0,0.055,-4.32,2.105,1.229,2.04,3.194,0.031,14.261,-0.797,1.262,0.0,-1.158,1.973,-6.837,-1.803,0.043,NA,0,0,0,0,0,0,3,0,23726,26448,5,4,0,1
3_1_1_1,3,1,1,1,26448,23726,23726,DeuceCourt,173.41 KPH,Flat,0.49 Metre,11.272,1.279,2.649,0,Faulty Serve,Long Error,False,NA,BackHand,1.29 Metre,NA,NA,False,False,True,-6.887,-1.014,0.04,T,1.286,0.0,-0.108,11.272,1.279,2.649,-6.887,-1.014,0.04,,,,,,,,,,0,1,0,0,0,0,0,0,0,23726,26448,0,0,1,1
3_1_1_2,3,1,1,2,26448,23726,23726,DeuceCourt,127 KPH,Flat,NA,11.568,1.062,2.778,8,Winner,NA,False,Ground,BackHand,1.2 Metre,Down the Line,NA,False,False,True,-3.68,-0.749,0.046,T,1.057,0.0,-0.138,-9.321,4.821,0.643,9.305,3.39,0.037,-12.615,-1.974,1.163,0.0,-2.106,1.536,8.533,-2.034,0.027,2347.9,0,0,0,0,0,0,0,0,23726,26448,0,0,1,1
3_1_2_1,3,1,2,1,26448,23726,23726,AdCourt,161.92 KPH,NA,0.37 Metre,11.512,-1.048,2.703,0,Faulty Serve,Net Error,True,NA,BackHand,0.79 Metre,NA,Net Error,False,False,True,0.369,2.081,0.027,Body,0.785,0.0,0.048,11.512,-1.048,2.703,0.369,2.081,0.027,,,,,,,,,,0,1,0,0,0,0,0,0,1,23726,26448,0,0,1,1
3_1_2_2,3,1,2,2,26448,23726,26448,AdCourt,128 KPH,Slice,NA,11.431,-0.844,2.726,1,Unforced Error,NA,True,Ground,BackHand,1.29 Metre,NA,NA,False,False,True,-5.306,2.865,0.041,Wide,1.294,0.0,1.936,-12.364,4.11,1.191,-0.573,-0.066,0.042,,,,,,,,,,1694.99,0,0,0,0,0,0,0,1,23726,26448,0,0,1,1
3_1_3_1,3,1,3,1,26448,23726,23726,DeuceCourt,156 KPH,Slice,NA,11.396,1.272,2.731,2,Unforced Error,NA,True,Ground,BackHand,0.88 Metre,NA,Net Error,False,False,True,-4.495,-1.224,0.042,T,1.037,0.0,-0.398,12.798,0.496,0.84,0.22,0.522,0.045,-13.862,-3.091,1.295,0.0,-1.309,1.509,8.762,-0.082,0.039,1912.66,0,0,0,0,0,0,1,1,23726,26448,0,0,1,1
3_1_4_1,3,1,4,1,26448,23726,23726,AdCourt,160 KPH,Flat,NA,11.591,-0.954,2.706,8,Winner,NA,False,Approach,ForeHand,1.11 Metre,Down the Line,NA,False,False,True,-5.582,2.85,0.041,Wide,1.198,0.0,1.72,-6.195,1.76,1.553,6.659,2.143,0.042,-11.976,4.104,1.221,0.0,0.543,1.355,8.37,-1.84,0.035,1815.35,0,0,0,0,0,0,1,2,23726,26448,0,0,1,1
3_1_5_1,3,1,5,1,26448,23726,26448,DeuceCourt,154 KPH,Slice,NA,11.451,1.325,2.679,1,Forced Error,NA,False,Ground,ForeHand,1.62 Metre,NA,NA,True,False,True,-5.393,-3.301,0.042,Wide,1.173,0.0,-1.64,-10.975,-5.06,0.939,12.885,-2.25,0.032,-10.975,-5.06,0.939,0.0,-3.804,1.617,12.885,-2.25,0.032,1254.46,0,0,0,0,0,0,1,3,23726,26448,0,0,1,1
3_1_6_1,3,1,6,1,26448,23726,23726,AdCourt,139 KPH,Slice,NA,11.61,-1.148,2.771,4,Unforced Error,NA,True,Ground,BackHand,0.88 Metre,NA,Net Error,True,True,True,-5.632,2.348,0.04,Body,1.326,0.0,1.42,12.903,-2.742,1.169,0.153,-2.261,0.033,-14.033,3.689,1.2,0.0,-0.288,1.432,7.513,-2.263,0.034,1835.75,0,0,0,0,0,0,2,3,23726,26448,0,0,1,1
3_2_1_1,3,2,1,1,23726,26448,23726,DeuceCourt,164 KPH,Flat,NA,11.266,1.213,2.702,1,Forced Error,NA,False,Ground,BackHand,3.39 Metre,NA,NA,False,False,True,-4.574,-0.575,0.042,T,1.031,0.0,0.034,-14.119,-1.946,1.022,12.885,-2.07,0.032,-14.119,-1.946,1.022,0.0,-1.759,3.394,12.885,-2.07,0.032,1268.12,0,0,0,0,0,0,0,0,23726,26448,1,0,1,1
3_2_2_1,3,2,2,1,23726,26448,26448,AdCourt,124 KPH,Pronated,NA,11.423,-1.505,2.736,4,Unforced Error,NA,False,Ground,BackHand,1.98 Metre,NA,Long Error,False,False,True,-4.59,3.968,0.033,Wide,1.331,0.0,2.642,11.582,-3.789,1.056,-12.336,3.235,0.035,-13.492,7.119,1.318,0.0,2.063,5.463,10.337,-1.288,0.033,1931.56,0,0,0,0,0,0,1,0,23726,26448,1,0,1,1
3_2_3_1,3,2,3,1,23726,26448,26448,DeuceCourt,146 KPH,Kick,0.48 Metre,11.623,1.042,2.753,0,Faulty Serve,Wide Error,False,NA,ForeHand,1.47 Metre,NA,Wide Error,False,False,True,-6.107,-4.599,0.041,Wide,1.473,0.0,-2.349,11.623,1.042,2.753,-6.107,-4.599,0.041,,,,,,,,,,0,1,0,0,0,0,0,1,1,23726,26448,1,0,1,1
3_2_3_2,3,2,3,2,23726,26448,23726,DeuceCourt,131 KPH,Pronated,NA,11.648,0.921,2.713,3,Unforced Error,NA,False,Ground,ForeHand,2.19 Metre,NA,Long Error,False,False,True,-4.575,-0.82,0.042,T,1.323,0.0,-0.099,-12.534,-1.936,0.907,12.49,-2.916,0.032,-13.653,-1.787,1.311,0.0,1.447,1.426,6.507,3.197,0.042,2436.68,0,0,0,0,0,0,1,1,23726,26448,1,0,1,1
3_2_4_1,3,2,4,1,23726,26448,26448,AdCourt,172 KPH,Flat,NA,11.27,-1.282,2.74,8,Winner,NA,False,Ground,BackHand,1.15 Metre,Down the Line,NA,False,False,True,-5.693,0.754,0.037,T,1.181,0.0,0.165,-11.575,1.964,1.249,6.577,2.551,0.042,-13.635,1.537,1.128,0.0,-0.543,2.356,10.053,-2.308,0.031,1568.61,0,0,0,0,0,0,2,1,23726,26448,1,0,1,1
3_2_5_1,3,2,5,1,23726,26448,26448,DeuceCourt,178 KPH,Flat,NA,11.287,0.984,2.667,2,Unforced Error,NA,False,Ground,ForeHand,0.96 Metre,NA,Wide Error,False,False,True,-5.193,-0.395,0.039,T,1.085,0.0,0.133,6.362,-1.051,1.594,-5.828,-4.82,0.036,-13.672,-1.272,1.238,0.0,-0.677,3.932,6.102,-0.751,0.038,1953.42,0,0,0,0,0,0,2,2,23726,26448,1,0,1,1
3_2_6_1,3,2,6,1,23726,26448,23726,AdCourt,136 KPH,Flat,NA,11.538,-1.442,2.749,3,Winner,NA,False,Ground,ForeHand,1.28 Metre,Cross Court,NA,True,False,True,-4.867,3.873,0.032,Wide,1.277,0.0,2.515,10.695,-2.675,1.774,-7.506,2.708,0.041,-13.637,6.479,1.159,0.0,1.356,3.543,7.829,-1.458,0.037,1313.02,0,0,0,0,0,0,2,3,23726,26448,1,0,1,1
3_2_7_1,3,2,7,1,23726,26448,23726,DeuceCourt,149 KPH,Slice,NA,11.363,1.09,2.658,3,Forced Error,NA,True,Passing,BackHand,1.45 Metre,NA,NA,False,False,True,-4.733,-3.907,0.042,Wide,1.16,0.0,-2.228,-14.517,2.538,1.208,-2.856,2.268,0.032,-12.959,-6.88,1.176,0.0,-2.441,5.939,-7.194,1.999,0.039,NA,0,0,0,0,0,0,3,3,23726,26448,1,0,1,1
3_2_8_1,3,2,8,1,23726,26448,23726,AdCourt,154 KPH,Flat,NA,11.527,-0.979,2.761,5,Unforced Error,NA,True,Ground,BackHand,0.86 Metre,NA,Net Error,False,False,True,-5.745,0.745,0.037,T,1.27,0.0,0.351,-13.977,2.762,0.797,-0.356,0.058,0.042,-12.405,1.291,1.399,0.0,1.057,1.68,8.157,0.693,0.043,2057.84,0,0,0,0,0,0,4,3,23726,26448,1,0,1,1
3_3_1_1,3,3,1,1,26448,23726,23726,DeuceCourt,163 KPH,Flat,NA,-11.474,-1.329,2.709,6,Unforced Error,NA,False,Ground,BackHand,NA,NA,Long Error,False,False,True,5.491,0.716,0.038,T,1.146,0.0,-0.029,-13.902,3.627,1.482,12.109,2.842,0.043,11.716,1.542,1.167,0.0,1.473,2.166,-11.333,1.511,0.037,2011.48,0,0,0,0,0,0,0,0,23726,26448,2,0,1,1
3_3_2_1,3,3,2,1,26448,23726,23726,AdCourt,157.2 KPH,Flat,1.71 Metre,-11.672,1.336,2.684,0,Faulty Serve,Long Error,False,NA,BackHand,1.65 Metre,NA,NA,False,False,True,8.113,-2.958,0.028,Wide,1.652,0.0,-1.41,-11.672,1.336,2.684,8.113,-2.958,0.028,,,,,,,,,,0,1,0,0,0,0,0,0,1,23726,26448,2,0,1,1
3_3_2_2,3,3,2,2,26448,23726,26448,AdCourt,145 KPH,Flat,NA,-11.618,1.098,2.734,3,Unforced Error,NA,True,Ground,BackHand,0.87 Metre,NA,Net Error,False,False,True,4.323,-0.373,0.037,T,1.051,0.0,-0.118,12.974,-2.437,0.866,0.436,-0.152,0.045,13.197,-0.904,1.506,0.0,0.266,1.842,-7.847,1.096,0.037,2475.34,0,0,0,0,0,0,0,1,23726,26448,2,0,1,1
3_3_3_1,3,3,3,1,26448,23726,26448,DeuceCourt,166.34 KPH,NA,0.2 Metre,-11.402,-1.365,2.638,0,Faulty Serve,Net Error,True,NA,ForeHand,0.88 Metre,NA,Net Error,False,False,True,-0.201,1.447,0.043,Body,0.876,0.0,1.439,-11.402,-1.365,2.638,-0.201,1.447,0.043,,,,,,,,,,0,1,0,0,0,0,0,1,1,23726,26448,2,0,1,1
3_3_3_2,3,3,3,2,26448,23726,23726,DeuceCourt,153 KPH,Slice,NA,-11.551,-1.302,2.684,2,Unforced Error,NA,True,Ground,ForeHand,0.95 Metre,NA,Net Error,False,False,True,6.143,3.853,0.039,Wide,1.322,0.0,1.884,-11.952,-3.32,1.115,-0.208,-3.23,0.035,12.076,5.813,1.178,0.0,1.219,1.999,-9.206,-2.229,0.033,2310.04,0,0,0,0,0,0,1,1,23726,26448,2,0,1,1
3_3_4_1,3,3,4,1,26448,23726,26448,AdCourt,153 KPH,Slice,NA,-11.554,1.009,2.729,5,Unforced Error,NA,False,Lob,ForeHand,3.5 Metre,NA,Long Error,False,False,True,4.343,-2.078,0.03,Body,1.009,0.0,-1.353,14.239,1.108,0.96,-12.885,-0.303,0.037,14.502,-3.671,1.22,0.0,-0.565,1.073,-5.564,0.514,0.038,2539.37,0,0,0,0,0,0,1,2,23726,26448,2,0,1,1
3_3_5_1,3,3,5,1,26448,23726,26448,DeuceCourt,181.49 KPH,Flat,0.54 Metre,-11.443,-1.284,2.735,0,Faulty Serve,NA,True,NA,BackHand,3.5 Metre,NA,NA,False,False,True,-0.492,-0.223,0.042,T,,,,-11.443,-1.284,2.735,-0.492,-0.223,0.042,,,,,,,,,,0,1,0,0,0,0,0,2,2,23726,26448,2,0,1,1
3_3_5_2,3,3,5,2,26448,23726,26448,DeuceCourt,150 KPH,Flat,NA,-11.656,-0.958,2.761,1,Unforced Error,NA,True,Ground,BackHand,0.59 Metre,NA,Net Error,False,False,True,5.623,1.053,0.043,T,1.306,0.0,0.218,12.706,2.044,1.433,0.592,3.45,0.027,12.706,2.044,1.433,0.0,3.154,0.587,0.592,3.45,0.027,1630.25,0,0,0,0,0,0,2,2,23726,26448,2,0,1,1
3_3_6_1,3,3,6,1,26448,23726,26448,AdCourt,159.82 KPH,Flat,0.37 Metre,-11.412,1.089,2.699,0,Faulty Serve,Long Error,False,NA,ForeHand,1.4 Metre,NA,NA,False,False,True,6.774,-2.904,0.032,Wide,1.402,0.0,-1.548,-11.412,1.089,2.699,6.774,-2.904,0.032,,,,,,,,,,0,1,0,0,0,0,0,3,2,23726,26448,2,0,1,1
3_3_6_2,3,3,6,2,26448,23726,26448,AdCourt,139 KPH,Flat,NA,-11.488,1.176,2.74,3,Unforced Error,NA,True,Ground,ForeHand,0.96 Metre,NA,Net Error,False,False,True,5.212,-2.903,0.032,Wide,1.294,0.0,-1.851,12.525,1.972,0.892,0.456,4.632,0.027,9.962,-4.031,1.283,0.0,-2.016,1.212,-8.043,-0.53,0.037,2133.27,0,0,0,0,0,0,3,2,23726,26448,2,0,1,1
3_4_1_1,3,4,1,1,23726,26448,26448,DeuceCourt,135 KPH,Pronated,NA,-11.747,-0.526,2.65,8,Forced Error,NA,False,Ground,ForeHand,3.02 Metre,NA,NA,False,False,True,4.232,0.76,0.036,T,1.149,0.0,0.239,-13.838,-4.36,0.845,12.885,-3.316,0.029,12.333,1.304,1.358,0.0,2.498,1.835,-6.53,3.001,0.04,NA,0,0,0,0,0,0,0,0,23726,26448,2,1,1,1
3_4_2_1,3,4,2,1,23726,26448,23726,AdCourt,133 KPH,Pronated,NA,-11.56,1.239,2.772,3,Forced Error,NA,False,Lob,ForeHand,NA,NA,NA,False,False,True,3.868,-3.486,0.029,Wide,1.09,0.0,-2.473,13.682,3.892,1.178,-10.598,-4.269,0.031,11.375,-5.811,1.555,0.0,-2.12,1.491,-4.333,-0.501,0.043,1219.88,0,0,0,0,0,0,0,1,23726,26448,2,1,1,1
3_4_3_1,3,4,3,1,23726,26448,23726,DeuceCourt,143 KPH,Slice,NA,-11.347,-1.314,2.659,1,Forced Error,NA,False,Ground,ForeHand,1.24 Metre,NA,NA,False,False,True,4.713,3.807,0.038,Wide,1.166,0.0,2.121,10.709,5.961,1.207,-9.205,4.637,0.036,10.709,5.961,1.207,0.0,5.165,1.237,-9.205,4.637,0.036,762,0,0,0,0,0,0,1,1,23726,26448,2,1,1,1
3_4_4_1,3,4,4,1,23726,26448,26448,AdCourt,174 KPH,Flat,NA,-11.685,1.289,2.761,2,Forced Error,NA,False,Ground,ForeHand,3.31 Metre,NA,NA,False,False,True,6.296,-3.511,0.03,Wide,1.29,0.0,-1.891,-13.173,-3.137,0.385,12.466,1.475,0.037,12.141,-5.028,0.954,0.0,-4.07,1.306,-6.745,-3.656,0.041,893.66,0,0,0,0,0,0,2,1,23726,26448,2,1,1,1
3_4_5_1,3,4,5,1,23726,26448,23726,DeuceCourt,159 KPH,Slice,NA,-11.204,-1.054,2.655,9,Winner,NA,False,NA,BackHand,2.35 Metre,Cross Court,NA,False,False,True,5.953,1.968,0.042,Body,1.263,0.0,0.744,-3.877,2.067,1.77,4.181,-1.995,0.036,13.531,3.591,1.231,0.0,1.665,1.468,-5.306,1.116,0.037,849.79,0,0,0,0,0,0,2,2,23726,26448,2,1,1,1
3_4_6_1,3,4,6,1,23726,26448,26448,AdCourt,134 KPH,Pronated,NA,-11.732,1.515,2.783,8,Winner,NA,False,Passing,BackHand,1.38 Metre,Cross Court,NA,False,False,True,4.794,-1.104,0.038,T,1.325,0.0,-0.574,7.736,-3.132,1.192,-8.098,3.353,0.035,11.794,-2.278,1.628,0.0,-2.25,1.169,-6.848,-2.054,0.044,2256.86,0,0,0,0,0,0,3,2,23726,26448,2,1,1,1
3_4_7_1,3,4,7,1,23726,26448,26448,DeuceCourt,153.39 KPH,Kick,0.21 Metre,-11.569,-1.027,2.718,0,Faulty Serve,Wide Error,False,NA,BackHand,1.16 Metre,NA,Wide Error,False,False,True,4.418,4.33,0.038,Wide,1.163,0.0,2.666,-11.569,-1.027,2.718,4.418,4.33,0.038,,,,,,,,,,0,1,0,0,0,0,0,3,3,23726,26448,2,1,1,1
3_4_7_2,3,4,7,2,23726,26448,23726,DeuceCourt,148 KPH,Slice,NA,-11.757,-1.226,2.796,5,Unforced Error,NA,True,Ground,BackHand,0.93 Metre,NA,Net Error,False,False,True,5.83,1.711,0.041,Body,1.354,0.0,0.463,13.341,-2.268,0.957,,,,13.234,3.31,1.41,0.0,2.657,2.138,-9.553,2.799,0.035,1510.61,0,0,0,0,0,0,3,3,23726,26448,2,1,1,1
3_4_8_1,3,4,8,1,23726,26448,23726,AdCourt,133 KPH,Pronated,NA,-11.645,1.337,2.705,3,Unforced Error,NA,True,Ground,BackHand,3.06 Metre,NA,NA,False,False,True,4.856,-2.96,0.03,Wide,1.288,0.0,-1.949,11.202,-3.971,1.386,0.303,1.105,0.045,13.279,-5.279,1.481,0.0,0.281,2.546,-6.68,2.946,0.04,1671.28,0,0,0,0,0,0,4,3,23726,26448,2,1,1,1
3_5_1_1,3,5,1,1,26448,23726,26448,DeuceCourt,161 KPH,Flat,NA,11.535,1.229,2.712,5,Winner,NA,False,Overhead,ForeHand,1.96 Metre,Down the Line,NA,False,False,True,-5.405,-3.331,0.042,Wide,1.167,0.0,-1.773,6.934,-2.156,2.533,-9.342,-3.509,0.032,-11.108,-4.963,1.038,0.0,-1.862,1.649,9.164,0.746,0.036,1012.42,0,0,0,0,0,0,0,0,23726,26448,3,1,1,1
3_5_2_1,3,5,2,1,26448,23726,26448,AdCourt,166.1 KPH,Flat,0.23 Metre,11.497,-1.113,2.705,0,Faulty Serve,Long Error,False,NA,BackHand,1.35 Metre,NA,NA,False,False,True,-6.631,3.636,0.038,Wide,1.348,0.0,2.025,11.497,-1.113,2.705,-6.631,3.636,0.038,,,,,,,,,,0,1,0,0,0,0,0,1,0,23726,26448,3,1,1,1
3_5_2_2,3,5,2,2,26448,23726,26448,AdCourt,132 KPH,Flat,NA,11.632,-1.159,2.725,5,Unforced Error,NA,False,Ground,BackHand,0.98 Metre,NA,Wide Error,False,False,True,-3.967,2.965,0.03,Wide,1.052,0.0,2.071,-13.304,4.916,0.932,6.406,-4.479,0.026,-13.656,5.446,1.073,0.0,0.776,1.863,9.922,-2.518,0.03,1719.06,0,0,0,0,0,0,1,0,23726,26448,3,1,1,1
3_5_3_1,3,5,3,1,26448,23726,26448,DeuceCourt,163 KPH,Flat,NA,11.521,1.259,2.714,5,Winner,NA,False,Ground,ForeHand,1.07 Metre,Down the Line,NA,False,False,True,-5.533,-2.152,0.044,Body,1.185,0.0,-0.903,13.342,2.621,0.846,-7.032,3.826,0.035,-10.865,-3.362,1.038,0.0,-1.698,1.529,9.662,-0.405,0.033,2023.8,0,0,0,0,0,0,2,0,23726,26448,3,1,1,1
3_5_4_1,3,5,4,1,26448,23726,26448,AdCourt,178 KPH,Flat,NA,11.498,-0.996,2.735,1,Forced Error,NA,False,Ground,BackHand,2.17 Metre,NA,NA,False,False,True,-5.407,3.352,0.033,Wide,1.093,0.0,1.987,-10.778,4.677,1.047,12.885,-2.372,0.032,-10.778,4.677,1.047,0.0,1.647,2.174,12.885,-2.372,0.032,999.12,0,0,0,0,0,0,3,0,23726,26448,3,1,1,1
3_6_1_1,3,6,1,1,23726,26448,26448,DeuceCourt,152 KPH,Flat,NA,11.642,0.926,2.73,2,Forced Error,NA,False,Ground,ForeHand,NA,NA,NA,False,False,True,-5.777,-3.608,0.043,Wide,1.361,0.0,-1.869,12.956,4.629,0.743,-12.885,-2.607,0.033,-12.075,-5.482,1.227,0.0,-0.491,1.777,10.666,3.745,0.04,1052.62,0,0,0,0,0,0,0,0,23726,26448,3,2,1,1
3_6_2_1,3,6,2,1,23726,26448,23726,AdCourt,128 KPH,Pronated,NA,11.772,-1.636,2.786,1,Unforced Error,NA,True,Ground,BackHand,1.31 Metre,NA,NA,False,False,True,-4.467,3.357,0.033,Wide,1.306,0.0,2.212,-11.147,5.556,1.709,-0.89,3.399,0.035,,,,,,,,,,NA,0,0,0,0,0,0,0,1,23726,26448,3,2,1,1
3_6_3_1,3,6,3,1,23726,26448,23726,DeuceCourt,181 KPH,Flat,NA,11.253,1.325,2.678,1,Ace,NA,False,NA,ForeHand,1.17 Metre,Cross Court,NA,False,False,True,-6.026,-0.068,0.037,T,1.173,0.0,0.487,11.253,1.325,2.678,-6.026,-0.068,0.037,,,,,,,,,,0,0,0,0,1,0,0,1,1,23726,26448,3,2,1,1
3_6_4_1,3,6,4,1,23726,26448,23726,AdCourt,175 KPH,Flat,NA,11.146,-1.134,2.644,1,Forced Error,NA,False,Ground,ForeHand,1.32 Metre,NA,NA,False,False,True,-5.803,0.596,0.037,T,1.138,0.0,0.053,-12.207,1.151,1.049,4.645,4.568,0.038,-12.207,1.151,1.049,0.0,3.452,1.325,4.645,4.568,0.038,NA,0,0,0,0,0,1,2,1,23726,26448,3,2,1,1
3_6_5_1,3,6,5,1,23726,26448,23726,DeuceCourt,134 KPH,Pronated,NA,11.384,0.47,2.65,5,Winner,NA,False,Ground,ForeHand,1.04 Metre,Down the Line,NA,False,False,True,-4.24,-0.491,0.043,T,1.182,0.0,-0.062,13.029,2.091,1.705,-5.702,3.356,0.039,-15.188,-0.956,1.316,0.0,-0.009,2.112,7.543,0.607,0.043,1565.27,0,0,0,0,0,0,3,1,23726,26448,3,2,1,1
3_7_1_1,3,7,1,1,26448,23726,26448,DeuceCourt,157 KPH,Flat,NA,-11.385,-1.421,2.698,9,Unforced Error,NA,True,Ground,BackHand,0.71 Metre,NA,Net Error,False,False,True,5.55,3.034,0.042,Wide,1.19,0.0,1.427,12.499,-1.968,0.65,0.757,1.094,0.043,10.992,4.657,0.927,0.0,2.863,1.467,-8.909,1.521,0.036,2115.99,0,0,0,0,0,0,0,0,23726,26448,4,2,1,1
3_7_2_1,3,7,2,1,26448,23726,26448,AdCourt,160 KPH,Flat,NA,-11.323,0.892,2.661,7,Winner,NA,False,Ground,BackHand,1.08 Metre,Down the Line,NA,False,False,True,5.516,-0.582,0.039,T,1.185,0.0,-0.197,-12.038,2.841,0.587,8.12,3.452,0.036,12.853,-1.06,1.107,0.0,-0.517,2.691,-11.538,0.014,0.038,1904.27,0,0,0,0,0,0,1,0,23726,26448,4,2,1,1
3_7_3_1,3,7,3,1,26448,23726,26448,DeuceCourt,179 KPH,Flat,NA,-11.494,-1.031,2.688,5,Winner,NA,False,Ground,BackHand,1.1 Metre,Down the Line,NA,False,False,True,5.542,1.005,0.043,T,1.078,0.0,0.3,-12.223,1.163,1.179,7.219,3.556,0.037,14.514,2.22,0.887,0.0,1.68,1.766,-9.191,1.483,0.036,1341.86,0,0,0,0,0,0,2,0,23726,26448,4,2,1,1
3_7_4_1,3,7,4,1,26448,23726,26448,AdCourt,178 KPH,Flat,NA,-11.295,1.024,2.695,1,Forced Error,NA,False,Ground,BackHand,2.65 Metre,NA,NA,False,False,True,4.718,-3.079,0.03,Wide,1.002,0.0,-1.883,14.247,-5.429,0.846,-10.576,4.615,0.031,14.247,-5.429,0.846,0.0,0.735,2.649,-10.576,4.615,0.031,1087.87,0,0,0,0,0,0,3,0,23726,26448,4,2,1,1
3_8_1_1,3,8,1,1,23726,26448,23726,DeuceCourt,177 KPH,Flat,NA,-11.252,-0.988,2.638,1,Winner,NA,False,NA,BackHand,1.17 Metre,Cross Court,NA,False,False,True,5.914,0.205,0.04,T,1.17,0.0,-0.273,-11.252,-0.988,2.638,5.914,0.205,0.04,,,,,,,,,,0,0,0,0,0,0,0,0,0,23726,26448,4,3,1,1
3_8_2_1,3,8,2,1,23726,26448,26448,AdCourt,135 KPH,Flat,NA,-11.431,1.679,2.708,12,Winner,NA,False,Volley,BackHand,1.02 Metre,Down the Line,NA,False,False,True,3.978,-3.263,0.03,Wide,1.101,0.0,-2.171,3.717,-0.69,1.163,-4.126,-2.72,0.043,13.806,-6.354,1.147,0.0,-0.961,3.175,-9.784,2.599,0.035,NA,0,0,0,0,0,0,1,0,23726,26448,4,3,1,1
3_8_3_1,3,8,3,1,23726,26448,23726,DeuceCourt,144 KPH,Slice,NA,-11.322,-0.757,2.672,3,Forced Error,NA,False,Passing,ForeHand,1.41 Metre,NA,NA,False,False,True,4.995,3.808,0.038,Wide,1.263,0.0,2.198,14.864,3.87,1.048,-2.146,4.347,0.031,14.283,6.829,1.059,0.0,1.522,1.852,-2.942,0.416,0.046,913.94,0,0,0,0,0,0,1,1,23726,26448,4,3,1,1
3_8_4_1,3,8,4,1,23726,26448,23726,AdCourt,174.32 KPH,Flat,0.1 Metre,-11.385,0.837,2.752,0,Faulty Serve,Long Error,False,NA,BackHand,1.32 Metre,NA,NA,False,False,True,6.5,-1.145,0.038,T,1.321,0.0,-0.533,-11.385,0.837,2.752,6.5,-1.145,0.038,,,,,,,,,,0,1,0,0,0,0,0,2,1,23726,26448,4,3,1,1
3_8_4_2,3,8,4,2,23726,26448,23726,AdCourt,136 KPH,Flat,NA,-11.267,1.318,2.664,5,Unforced Error,NA,False,Ground,BackHand,2.38 Metre,NA,Long Error,False,False,True,5.516,-2.844,0.033,Wide,1.413,0.0,-1.719,14.26,-4.054,1.147,-12.554,-4.108,0.027,13.721,-4.77,1.311,0.0,-0.255,2.384,-9.238,2.485,0.036,1718.24,0,0,0,0,0,0,2,1,23726,26448,4,3,1,1
3_8_5_1,3,8,5,1,23726,26448,23726,DeuceCourt,136 KPH,Flat,NA,-11.742,-0.6,2.771,3,Unforced Error,NA,False,Ground,ForeHand,1.3 Metre,NA,Wide Error,False,False,True,5.056,0.796,0.037,T,1.368,0.0,0.113,13.726,2.567,1.309,-5.217,4.328,0.032,14.327,1.671,1.389,0.0,-0.62,1.046,-4.891,-1.488,0.041,2031.54,0,0,0,0,0,0,3,1,23726,26448,4,3,1,1
3_9_1_1,3,9,1,1,26448,23726,26448,DeuceCourt,155 KPH,Flat,NA,11.486,1.286,2.683,7,Forced Error,NA,True,Ground,ForeHand,1.76 Metre,NA,NA,False,False,True,-5.114,-1.421,0.041,Body,1.148,0.0,-0.477,-14.53,-3.788,0.856,-0.397,1.269,0.042,-14.394,-3.15,0.938,0.0,-0.217,1.742,10.596,2.216,0.04,NA,0,0,0,0,0,0,0,0,23726,26448,5,3,1,1
3_9_2_1,3,9,2,1,26448,23726,26448,AdCourt,159.21 KPH,Flat,0.32 Metre,11.534,-1.336,2.709,0,Faulty Serve,Long Error,False,NA,BackHand,1.39 Metre,NA,NA,False,False,True,-6.721,3.307,0.039,Wide,1.385,0.0,1.735,11.534,-1.336,2.709,-6.721,3.307,0.039,,,,,,,,,,0,1,0,0,0,0,0,1,0,23726,26448,5,3,1,1
3_9_2_2,3,9,2,2,26448,23726,23726,AdCourt,126 KPH,Flat,NA,11.563,-1.036,2.741,2,Unforced Error,NA,True,Ground,BackHand,0.94 Metre,NA,Net Error,False,False,True,-5.03,2.774,0.032,Wide,1.317,0.0,1.859,12.373,-2.749,1.063,0.192,-3.291,0.033,-13.14,4.524,1.353,0.0,0.449,2.419,9.905,-2.13,0.032,1320.77,0,0,0,0,0,0,1,0,23726,26448,5,3,1,1
3_9_3_1,3,9,3,1,26448,23726,26448,DeuceCourt,159 KPH,Flat,NA,11.428,1.406,2.721,7,Winner,NA,False,Ground,ForeHand,1.53 Metre,Cross Court,NA,False,False,True,-4.723,-2.566,0.042,Body,1.079,0.0,-1.296,9.299,0.407,1.19,-8.228,-3.732,0.033,-10.797,-4.196,1.203,0.0,-2.099,1.504,9.496,-0.376,0.033,2608.01,0,0,0,0,0,0,1,1,23726,26448,5,3,1,1
3_9_4_1,3,9,4,1,26448,23726,26448,AdCourt,161 KPH,Flat,NA,11.586,-1.158,2.665,1,Forced Error,NA,False,NA,ForeHand,1.23 Metre,NA,NA,False,False,True,-5.755,2.045,0.039,Body,1.234,0.0,1.08,,,,,,,,,,,,,,,,0,0,0,0,0,0,0,2,1,23726,26448,5,3,1,1
3_9_5_1,3,9,5,1,26448,23726,26448,DeuceCourt,160 KPH,Flat,NA,11.413,1.467,2.703,1,Forced Error,NA,False,Ground,ForeHand,3.63 Metre,NA,NA,False,False,True,-5.494,-2.694,0.044,Body,1.193,0.0,-1.224,-10.949,-4.185,0.903,12.885,3.798,0.041,-10.949,-4.185,0.903,0.0,-0.268,3.63,12.885,3.798,0.041,1910.44,0,0,0,0,0,0,3,1,23726,26448,5,3,1,1
3_10_1_1,3,10,1,1,23726,26448,26448,DeuceCourt,167 KPH,Flat,NA,11.299,0.492,2.706,2,Unforced Error,NA,False,NA,ForeHand,1.03 Metre,NA,NA,False,False,True,-4.487,-0.087,0.043,T,1.034,0.0,0.191,11.299,0.492,2.706,-4.487,-0.087,0.043,,,,,,,,,,0,0,0,0,0,0,0,0,0,23726,26448,5,4,1,1
3_10_2_1,3,10,2,1,23726,26448,23726,AdCourt,129 KPH,Kick,NA,11.57,-1.473,2.792,3,Winner,NA,False,Ground,ForeHand,1.91 Metre,Down the Line,NA,False,False,True,-4.925,3.893,0.032,Wide,1.41,0.0,2.535,13.693,-2.346,1.705,-10.805,-2.811,0.032,-12.182,6.242,1.686,0.0,1.944,3.351,10.832,-1.53,0.033,2101.03,0,0,0,0,0,0,0,1,23726,26448,5,4,1,1
3_10_3_1,3,10,3,1,23726,26448,23726,DeuceCourt,183 KPH,Flat,NA,11.517,0.874,2.728,1,Ace,NA,False,NA,ForeHand,1.18 Metre,Cross Court,NA,False,False,True,-6.007,-0.188,0.037,T,1.179,0.0,0.223,11.517,0.874,2.728,-6.007,-0.188,0.037,,,,,,,,,,0,0,0,0,1,0,0,1,1,23726,26448,5,4,1,1
3_10_4_1,3,10,4,1,23726,26448,23726,AdCourt,135 KPH,Pronated,NA,11.716,-1.504,2.76,11,Winner,NA,False,Ground,ForeHand,1.85 Metre,Cross Court,NA,False,False,True,-4.914,3.215,0.032,Wide,1.306,0.0,2.06,11.545,1.783,0.745,-10.496,-3.418,0.031,-11.42,5.089,1.528,0.0,1.286,1.865,10.16,-1.909,0.033,3460.39,0,0,0,0,0,1,2,1,23726,26448,5,4,1,1
3_10_5_1,3,10,5,1,23726,26448,26448,DeuceCourt,136 KPH,Flat,NA,11.626,0.685,2.77,6,Winner,NA,False,Ground,BackHand,1.25 Metre,NA,NA,False,False,True,-5.398,-0.604,0.038,T,1.458,0.0,0.102,-5.001,-3.766,0.478,,,,-14.228,-1.514,1.28,0.0,-1.402,1.505,7.536,-1.229,0.038,1962.97,0,0,0,0,0,0,3,1,23726,26448,5,4,1,1
3_10_6_1,3,10,6,1,23726,26448,26448,AdCourt,185.73 KPH,Flat,0.23 Metre,11.167,-0.967,2.662,0,Faulty Serve,Long Error,False,NA,BackHand,1.25 Metre,NA,NA,False,False,True,-6.635,1.012,0.037,T,1.25,0.0,0.365,11.167,-0.967,2.662,-6.635,1.012,0.037,,,,,,,,,,0,1,0,0,0,0,0,3,2,23726,26448,5,4,1,1
3_10_6_2,3,10,6,2,23726,26448,26448,AdCourt,130 KPH,Kick,NA,11.582,-1.254,2.746,10,Unforced Error,NA,True,Ground,BackHand,0.93 Metre,NA,Net Error,False,False,True,-4.785,2.328,0.039,Body,1.343,0.0,1.557,13.844,-2.722,1.405,0.275,1.387,0.045,-13.021,4.041,1.612,0.0,0.773,1.842,7.461,-0.779,0.037,1447.98,0,0,0,0,0,0,3,2,23726,26448,5,4,1,1
3_10_7_1,3,10,7,1,23726,26448,23726,DeuceCourt,141 KPH,Flat,NA,11.984,1.053,2.683,3,Winner,NA,False,Ground,ForeHand,1.71 Metre,Down the Line,NA,False,False,True,-4.318,-3.975,0.042,Wide,1.128,0.0,-2.457,12.632,3.12,1.685,-8.324,4.096,0.035,-13.204,-6.895,1.298,0.0,-1.669,2.999,9.429,1.869,0.037,2255.4,0,0,0,0,0,0,3,3,23726,26448,5,4,1,1
3_10_8_1,3,10,8,1,23726,26448,26448,AdCourt,140 KPH,Pronated,NA,11.605,-1.78,2.791,6,Winner,NA,False,Ground,BackHand,1.24 Metre,Down the Line,NA,False,False,True,-5.945,3.603,0.039,Wide,1.518,0.0,2.045,-12.432,2.668,0.572,7.991,3.55,0.037,-13.2,5.888,1.402,0.0,0.428,1.801,7.154,-2.232,0.034,2482.75,0,0,0,0,0,0,4,3,23726,26448,5,4,1,1
3_10_9_1,3,10,9,1,23726,26448,26448,DeuceCourt,185.91 KPH,Flat,1.9 Metre,11.485,0.816,2.719,0,Faulty Serve,Long Error,False,NA,ForeHand,1.49 Metre,NA,NA,False,False,True,-8.299,-1.583,0.042,Body,1.487,0.0,-0.498,11.485,0.816,2.719,-8.299,-1.583,0.042,,,,,,,,,,0,1,0,0,0,0,0,4,4,23726,26448,5,4,1,1
3_10_9_2,3,10,9,2,23726,26448,26448,DeuceCourt,138 KPH,Slice,NA,11.625,0.818,2.76,6,Unforced Error,NA,False,Ground,ForeHand,2.34 Metre,NA,Long Error,False,False,True,-5.177,-1.79,0.043,Body,1.356,0.0,-0.707,11.982,3.639,1.086,-12.885,3.815,0.036,-12.891,-3.265,1.298,0.0,-1.052,2.209,8.033,-0.085,0.039,2439.68,0,0,0,0,0,0,4,4,23726,26448,5,4,1,1
3_10_10_1,3,10,10,1,23726,26448,26448,AdCourt,136 KPH,Flat,NA,11.479,-1.871,2.668,2,Unforced Error,NA,False,NA,ForeHand,1.35 Metre,NA,NA,True,True,True,-4.977,4.058,0.032,Wide,1.35,0.0,2.482,11.479,-1.871,2.668,-4.977,4.058,0.032,,,,,,,,,,0,0,0,0,0,0,0,4,5,23726,26448,5,4,1,1
3_11_1_1,3,11,1,1,26448,23726,23726,DeuceCourt,146 KPH,Slice,NA,-11.623,-1.398,2.732,2,Unforced Error,NA,False,Drop,ForeHand,1.12 Metre,NA,Wide Error,False,False,True,5.262,3.709,0.038,Wide,1.219,0.0,1.927,-11.861,-6.154,1.253,1.175,-4.197,0.031,12.712,6.378,0.951,0.0,0.131,1.912,-7.707,-3.867,0.035,NA,0,0,0,0,0,0,0,0,23726,26448,5,5,1,1
3_11_2_1,3,11,2,1,26448,23726,26448,AdCourt,147 KPH,Flat,NA,-11.575,1.052,2.78,7,Unforced Error,NA,False,Ground,BackHand,1.33 Metre,NA,Wide Error,False,False,True,5.499,-3.392,0.028,Wide,1.242,0.0,-2.123,11.845,-3.477,1.086,-10.177,-4.615,0.024,12.146,-4.894,1.176,0.0,-0.585,1.672,-8.871,2.448,0.035,1372.47,0,0,0,0,0,0,0,1,23726,26448,5,5,1,1
3_11_3_1,3,11,3,1,26448,23726,23726,DeuceCourt,162 KPH,Flat,NA,-11.478,-1.318,2.718,8,Winner,NA,False,Ground,ForeHand,1.71 Metre,Down the Line,NA,False,False,True,5.149,1.681,0.041,Body,1.107,0.0,0.649,11.1,-2.913,1.188,-11.271,-3.298,0.03,11.692,3.021,1.077,0.0,0.736,1.918,-9.79,-1.01,0.037,3451.42,0,0,0,0,0,0,1,1,23726,26448,5,5,1,1
3_11_4_1,3,11,4,1,26448,23726,23726,AdCourt,159 KPH,Flat,NA,-11.509,1.071,2.746,4,Winner,NA,False,Passing,ForeHand,1.59 Metre,Down the Line,NA,False,False,True,6.117,-3.763,0.028,Wide,1.286,0.0,-2.231,14.308,2.061,0.973,-9.159,3.623,0.036,12.176,-5.255,1.165,0.0,0.272,2.644,-6.759,3.834,0.035,1900.11,0,0,0,0,0,0,1,2,23726,26448,5,5,1,1
3_11_5_1,3,11,5,1,26448,23726,23726,DeuceCourt,181.66 KPH,Flat,0.66 Metre,-11.481,-1.27,2.694,0,Faulty Serve,Long Error,False,NA,BackHand,1.31 Metre,NA,NA,True,False,True,7.059,0.413,0.043,T,1.314,0.0,-0.246,-11.481,-1.27,2.694,7.059,0.413,0.043,,,,,,,,,,0,1,0,0,0,0,0,1,3,23726,26448,5,5,1,1
3_11_5_2,3,11,5,2,26448,23726,23726,DeuceCourt,138 KPH,Flat,NA,-11.653,-1.235,2.812,6,Winner,NA,False,Ground,BackHand,1.46 Metre,Down the Line,NA,True,True,True,5.544,0.285,0.039,T,1.345,0.0,-0.418,8.869,2.55,0.42,-8.215,3.494,0.035,13.002,1.082,1.352,0.0,2.401,1.31,-7.097,3.128,0.04,NA,0,0,0,0,0,0,1,3,23726,26448,5,5,1,1
3_12_1_1,3,12,1,1,23726,26448,26448,DeuceCourt,158.73 KPH,Slice,0.49 Metre,-11.504,-0.694,2.699,0,Faulty Serve,Long Error,False,NA,BackHand,1.46 Metre,NA,Wide Error,False,False,True,6.883,4.187,0.037,Wide,1.464,0.0,2.13,-11.504,-0.694,2.699,6.883,4.187,0.037,,,,,,,,,,0,1,0,0,0,0,0,0,0,23726,26448,6,5,1,1
3_12_1_2,3,12,1,2,23726,26448,23726,DeuceCourt,152 KPH,Flat,NA,-11.223,-0.834,2.681,5,Forced Error,NA,False,Ground,BackHand,NA,NA,NA,False,False,True,4.443,0.545,0.037,T,1.063,0.0,0.014,13.095,-3.063,0.8,-12.885,-3.232,0.03,12.593,1.504,1.392,0.0,2.576,1.734,-8.242,3.21,0.035,1013.74,0,0,0,0,0,0,0,0,23726,26448,6,5,1,1
3_12_2_1,3,12,2,1,23726,26448,26448,AdCourt,140 KPH,Pronated,NA,-11.363,1.714,2.668,8,Winner,NA,False,Ground,ForeHand,1.07 Metre,Down the Line,NA,False,False,True,3.669,-3.225,0.029,Wide,1.015,0.0,-2.179,8.754,0.859,0.558,-7.403,2.939,0.04,13.251,-6.454,1.449,0.0,-0.302,2.645,-9.147,3.661,0.036,3170.34,0,0,0,0,0,0,1,0,23726,26448,6,5,1,1
3_12_3_1,3,12,3,1,23726,26448,23726,DeuceCourt,151 KPH,Slice,NA,-11.608,-1.225,2.745,5,Winner,NA,False,Ground,ForeHand,1.28 Metre,Cross Court,NA,False,False,True,4.723,3.599,0.038,Wide,1.157,0.0,1.989,-7.913,2.947,1.052,9.711,-3.069,0.028,13.172,6.523,1.169,0.0,3.587,2.878,-11.204,1.457,0.038,1919.98,0,0,0,0,0,0,1,1,23726,26448,6,5,1,1
3_12_4_1,3,12,4,1,23726,26448,23726,AdCourt,151 KPH,NA,NA,,,,0,Faulty Serve,NA,False,Ground,ForeHand,1.28 Metre,NA,NA,False,False,False,,,,,,,,,,,,,,,,,,,,,,,1919.98,1,0,0,0,0,0,2,1,23726,26448,6,5,1,1
3_12_4_2,3,12,4,2,23726,26448,26448,AdCourt,128 KPH,Pronated,NA,-11.595,1.352,2.76,2,Unforced Error,NA,False,Ground,ForeHand,2.26 Metre,NA,Wide Error,False,False,True,5.019,-3.012,0.03,Wide,1.427,0.0,-1.98,-12.71,2.896,1.272,11.217,4.445,0.041,12.444,-4.98,1.828,0.0,-0.749,2.142,-8.051,1.597,0.037,3889.63,0,0,0,0,0,0,2,1,23726,26448,6,5,1,1
3_12_5_1,3,12,5,1,23726,26448,26448,DeuceCourt,189.23 KPH,Flat,0.14 Metre,-11.133,-0.795,2.681,0,Faulty Serve,Wide Error,False,NA,ForeHand,0.97 Metre,NA,NA,False,False,True,4.579,-0.135,0.038,T,0.975,0.0,-0.375,-11.133,-0.795,2.681,4.579,-0.135,0.038,,,,,,,,,,0,1,0,0,0,0,0,2,2,23726,26448,6,5,1,1
3_12_5_2,3,12,5,2,23726,26448,26448,DeuceCourt,143 KPH,Pronated,NA,-11.734,-0.75,2.781,6,Unforced Error,NA,False,Overhead,ForeHand,2.67 Metre,NA,Long Error,False,False,True,4.926,0.984,0.038,T,1.28,0.0,0.268,-4.913,-0.006,2.701,12.469,-3.526,0.03,13.438,1.865,1.62,0.0,2.144,1.671,-7.226,2.091,0.039,NA,0,0,0,0,0,0,2,2,23726,26448,6,5,1,1
3_12_6_1,3,12,6,1,23726,26448,26448,AdCourt,184.38 KPH,Flat,1.66 Metre,-11.509,1.346,2.723,0,Faulty Serve,Long Error,False,NA,BackHand,1.43 Metre,NA,NA,True,False,True,8.056,-0.634,0.038,T,1.429,0.0,0.071,-11.509,1.346,2.723,8.056,-0.634,0.038,,,,,,,,,,0,1,0,0,0,0,0,2,3,23726,26448,6,5,1,1
3_12_6_2,3,12,6,2,23726,26448,23726,AdCourt,131 KPH,Flat,NA,-11.578,1.324,2.757,7,Winner,NA,False,Ground,BackHand,3.1 Metre,Cross Court,NA,True,False,True,4.959,-2.487,0.034,Body,1.357,0.0,-1.59,-13.263,4.098,1.315,11.498,-3.884,0.027,12.982,-4.209,1.515,0.0,1.238,1.646,-6.061,3.486,0.039,2485.72,0,0,0,0,0,0,2,3,23726,26448,6,5,1,1
3_12_7_1,3,12,7,1,23726,26448,23726,DeuceCourt,169 KPH,Flat,NA,-11.453,-0.602,2.697,3,Unforced Error,NA,False,Ground,ForeHand,3.65 Metre,NA,Long Error,False,False,True,5.348,0.989,0.043,T,1.143,0.0,0.366,14.741,3.953,1.178,-12.885,3.909,0.036,14.014,2.004,1.364,0.0,1.019,1.901,-9.473,0.16,0.038,2132.96,0,0,0,0,0,0,3,3,23726,26448,6,5,1,1
3_12_8_1,3,12,8,1,23726,26448,26448,AdCourt,158 KPH,Flat,NA,-11.606,1.438,2.76,2,Unforced Error,NA,False,NA,ForeHand,1.92 Metre,NA,NA,False,False,True,5.754,-3.652,0.027,Wide,1.29,0.0,-2.128,,,,,,,13.508,-5.762,1.149,0.0,-1.953,1.922,-9.125,0.434,0.04,1505.55,0,0,0,0,0,0,4,3,23726,26448,6,5,1,1
3_12_9_1,3,12,9,1,23726,26448,23726,DeuceCourt,184 KPH,Flat,NA,-11.134,-0.91,2.65,1,Ace,NA,False,NA,ForeHand,1.07 Metre,Cross Court,NA,False,False,True,5.41,0.096,0.038,T,1.071,0.0,-0.271,-11.134,-0.91,2.65,5.41,0.096,0.038,,,,,,,,,,0,0,0,0,1,0,0,4,4,23726,26448,6,5,1,1
3_12_10_1,3,12,10,1,23726,26448,26448,AdCourt,184.38 KPH,NA,1.14 Metre,-11.083,0.825,2.646,0,Faulty Serve,Net Error,True,NA,NA,0.76 Metre,NA,Net Error,False,False,True,-1.137,-0.769,0.039,T,0.761,0.0,-0.682,-11.083,0.825,2.646,-1.137,-0.769,0.039,,,,,,,,,,0,1,0,0,0,0,1,5,4,23726,26448,6,5,1,1
3_12_10_2,3,12,10,2,23726,26448,26448,AdCourt,164.56 KPH,NA,0.88 Metre,-11.334,0.945,2.678,0,DoubleFault,Long Error,False,NA,NA,1.48 Metre,NA,NA,False,False,True,7.275,-0.656,0.038,T,1.482,0.0,-0.232,-11.334,0.945,2.678,7.275,-0.656,0.038,,,,,,,,,,0,1,1,0,0,0,0,5,4,23726,26448,6,5,1,1
3_12_11_1,3,12,11,1,23726,26448,23726,DeuceCourt,153 KPH,Slice,NA,-11.366,-0.921,2.7,1,Ace,NA,False,NA,ForeHand,1.29 Metre,Cross Court,NA,False,False,True,5.6,4.07,0.038,Wide,1.295,0.0,2.153,-11.366,-0.921,2.7,5.6,4.07,0.038,,,,,,,,,,0,0,0,0,1,1,0,5,5,23726,26448,6,5,1,1
3_12_12_1,3,12,12,1,23726,26448,23726,AdCourt,146 KPH,Flat,NA,-11.71,1.516,2.783,9,Unforced Error,NA,False,Ground,BackHand,1.97 Metre,NA,Long Error,False,False,True,5.535,-3.948,0.028,Wide,1.357,0.0,-2.428,12.948,-2.538,1.408,-11.986,-3.577,0.028,13.189,-6.313,1.325,0.0,-2.061,4.202,-10.386,1.102,0.04,1284.6,0,0,0,0,0,1,6,5,23726,26448,6,5,1,1
