point_ID,set_num,game_num,point_num,serve_num,strike_index,position,x,y,z
1_1_1_2,1,1,1,2,1,hit,-11.33,-1.394,2.778
1_1_1_2,1,1,1,2,1,net,-0.0,1.001,1.258
1_1_1_2,1,1,1,2,1,bounce,5.218,2.374,0.034
1_1_1_2,1,1,1,2,1,peak,12.439,4.507,1.241
1_1_1_2,1,1,1,2,2,hit,12.694,4.59,1.239
1_1_1_2,1,1,1,2,2,peak,4.495,3.118,1.817
1_1_1_2,1,1,1,2,2,net,0.0,2.409,1.604
1_1_1_2,1,1,1,2,2,bounce,-7.777,1.369,0.032
1_1_1_2,1,1,1,2,2,peak,-12.193,0.765,0.995
1_1_1_2,1,1,1,2,3,hit,-12.685,0.701,0.981
1_1_1_2,1,1,1,2,3,peak,-2.07,0.809,2.018
1_1_1_2,1,1,1,2,3,net,0.0,0.834,1.972
1_1_1_2,1,1,1,2,3,bounce,10.76,1.002,0.031
1_1_1_2,1,1,1,2,3,peak,14.629,1.083,1.127
1_1_1_2,1,1,1,2,4,hit,14.629,1.083,1.127
1_1_1_2,1,1,1,2,4,peak,5.272,1.51,2.005
1_1_1_2,1,1,1,2,4,net,0.0,1.837,1.649
1_1_1_2,1,1,1,2,4,bounce,-6.453,2.347,0.032
1_1_1_2,1,1,1,2,4,peak,-11.014,2.502,1.23
1_1_1_2,1,1,1,2,5,hit,-12.43,2.551,1.097
1_1_1_2,1,1,1,2,5,peak,-5.839,0.725,1.352
1_1_1_2,1,1,1,2,5,net,-0.0,-0.859,1.121
1_1_1_2,1,1,1,2,5,bounce,7.616,-2.894,0.032
1_1_1_2,1,1,1,2,5,peak,13.098,-4.344,0.733
1_1_1_2,1,1,1,2,6,hit,13.657,-4.491,0.725
1_1_1_2,1,1,1,2,6,net,0.0,-2.364,4.169
1_1_1_2,1,1,1,2,6,peak,-0.418,-2.298,4.173
1_1_1_2,1,1,1,2,6,bounce,-11.831,-0.384,0.033
1_1_1_2,1,1,1,2,6,peak,-13.216,-0.115,1.612
1_1_1_2,1,1,1,2,7,hit,-13.719,-0.006,1.372
1_1_1_2,1,1,1,2,7,peak,-8.278,0.732,1.557
1_1_1_2,1,1,1,2,7,net,0.0,1.82,1.047
1_1_1_2,1,1,1,2,7,bounce,5.574,2.495,0.034
1_1_1_2,1,1,1,2,7,peak,12.055,3.29,1.014
1_1_1_2,1,1,1,2,8,hit,13.941,3.517,0.92
1_1_1_2,1,1,1,2,8,net,0.0,2.545,4.973
1_1_1_2,1,1,1,2,8,peak,-0.254,2.531,4.975
1_1_1_2,1,1,1,2,8,bounce,-11.162,2.095,0.033
1_1_1_2,1,1,1,2,8,peak,-11.632,2.3,1.783
1_1_1_2,1,1,1,2,9,hit,-11.857,2.401,1.267
1_1_1_2,1,1,1,2,9,peak,-6.644,2.554,1.432
1_1_1_2,1,1,1,2,9,net,-0.0,2.726,1.137
1_1_1_2,1,1,1,2,9,bounce,7.326,2.886,0.034
1_1_2_1,1,1,2,1,1,hit,-11.244,0.722,2.762
1_1_2_1,1,1,2,1,1,peak,-11.244,0.722,2.762
1_1_2_1,1,1,2,1,1,net,0.0,0.078,1.033
1_1_2_1,1,1,2,1,1,bounce,4.719,-0.051,0.035
1_1_2_1,1,1,2,1,1,peak,13.748,-0.07,1.428
1_1_2_1,1,1,2,1,2,hit,13.748,-0.07,1.428
1_1_2_1,1,1,2,1,2,peak,3.384,0.143,3.052
1_1_2_1,1,1,2,1,2,net,0.0,0.183,2.827
1_1_2_1,1,1,2,1,2,bounce,-8.017,0.295,0.031
1_1_2_1,1,1,2,1,2,peak,-10.756,0.419,1.423
1_1_2_1,1,1,2,1,3,hit,-10.756,0.419,1.423
1_1_2_1,1,1,2,1,3,peak,-6.133,0.972,1.512
1_1_2_1,1,1,2,1,3,net,0.0,1.7,1.332
1_1_2_1,1,1,2,1,3,bounce,10.257,2.866,0.03
1_1_3_2,1,1,3,2,1,hit,-11.56,-1.161,2.807
1_1_3_2,1,1,3,2,1,net,0.0,1.431,1.257
1_1_3_2,1,1,3,2,1,bounce,4.88,2.84,0.034
1_1_3_2,1,1,3,2,1,peak,11.847,5.08,1.382
1_1_3_2,1,1,3,2,2,hit,11.847,5.08,1.382
1_1_3_2,1,1,3,2,2,peak,10.074,4.977,1.4
1_1_3_2,1,1,3,2,2,net,-0.0,4.631,0.745
1_1_3_2,1,1,3,2,2,net,0.0,4.63,0.745
1_1_3_2,1,1,3,2,2,last,-0.005,4.631,0.744
1_1_4_1,1,1,4,1,1,hit,13.065,-3.745,0.686
1_1_4_2,1,1,4,2,,peak,5.346,-2.115,1.789
1_1_4_2,1,1,4,2,,net,0.0,-0.659,1.553
1_1_4_2,1,1,4,2,,bounce,-8.121,1.55,0.032
1_1_4_2,1,1,4,2,,peak,-12.349,2.725,0.846
1_1_4_2,1,1,4,2,,hit,-12.349,2.725,0.846
1_1_4_2,1,1,4,2,,net,-0.0,-1.677,3.249
1_1_4_2,1,1,4,2,,peak,0.889,-1.984,3.262
1_1_4_2,1,1,4,2,,bounce,12.885,-4.615,0.033
1_1_5_1,1,1,5,1,1,hit,-11.139,-1.214,2.731
1_1_5_1,1,1,5,1,1,net,-0.0,1.769,1.173
1_1_5_1,1,1,5,1,1,bounce,5.553,3.487,0.033
1_1_5_1,1,1,5,1,1,peak,13.322,6.114,1.084
1_1_5_1,1,1,5,1,2,hit,14.022,6.369,1.074
1_1_5_1,1,1,5,1,2,peak,3.571,3.285,1.803
1_1_5_1,1,1,5,1,2,net,0.0,2.27,1.695
1_1_5_1,1,1,5,1,2,bounce,-9.743,-0.32,0.033
1_1_5_1,1,1,5,1,2,peak,-13.159,-1.189,0.783
1_1_5_1,1,1,5,1,3,hit,-13.159,-1.189,0.783
1_1_5_1,1,1,5,1,3,peak,-5.306,-1.865,1.416
1_1_5_1,1,1,5,1,3,net,0.0,-2.29,1.08
1_1_5_1,1,1,5,1,3,bounce,5.188,-2.691,0.03
1_1_5_1,1,1,5,1,3,peak,9.76,-2.849,0.846
1_1_5_1,1,1,5,1,4,hit,13.178,-2.959,0.319
1_1_5_1,1,1,5,1,4,peak,1.824,-0.982,2.189
1_1_5_1,1,1,5,1,4,net,0.0,-0.64,2.123
1_1_5_1,1,1,5,1,4,bounce,-7.758,0.948,0.031
1_1_5_1,1,1,5,1,4,peak,-9.65,1.357,0.884
1_1_5_1,1,1,5,1,5,hit,-10.296,1.505,0.775
1_1_5_1,1,1,5,1,5,peak,-3.796,0.018,1.158
1_1_5_1,1,1,5,1,5,net,-0.0,-0.815,1.01
1_1_5_1,1,1,5,1,5,bounce,6.372,-2.146,0.032
1_1_5_1,1,1,5,1,5,peak,11.484,-3.137,0.745
1_1_5_1,1,1,5,1,6,hit,6.429,-3.658,0.997
1_1_5_1,1,1,5,1,6,net,0.009,-3.709,0.639
1_1_5_1,1,1,5,1,6,peak,0.009,-3.709,0.639
1_1_5_1,1,1,5,1,6,bounce,0.876,-3.157,0.036
1_1_5_1,1,1,5,1,6,last,1.53,-2.794,0.437
1_2_1_1,1,2,1,1,1,hit,-11.497,-1.456,2.656
1_2_1_1,1,2,1,1,1,net,0.0,0.994,1.255
1_2_1_1,1,2,1,1,1,bounce,5.526,2.526,0.034
1_2_1_1,1,2,1,1,1,peak,12.04,4.699,1.189
1_2_1_1,1,2,1,1,2,hit,12.04,4.699,1.189
1_2_1_1,1,2,1,1,2,peak,4.128,1.486,1.715
1_2_1_1,1,2,1,1,2,net,0.0,-0.127,1.546
1_2_1_1,1,2,1,1,2,bounce,-8.232,-3.208,0.033
1_2_1_1,1,2,1,1,2,peak,-12.873,-4.953,0.991
1_2_1_1,1,2,1,1,3,hit,-8.966,-4.11,1.124
1_2_1_1,1,2,1,1,3,net,0.009,-2.08,0.307
1_2_1_1,1,2,1,1,3,peak,0.009,-2.08,0.307
1_2_1_1,1,2,1,1,3,bounce,-0.131,-1.81,0.035
1_2_1_1,1,2,1,1,3,last,-0.334,-1.647,0.13
1_2_2_1,1,2,2,1,1,hit,-11.565,1.299,2.649
1_2_2_1,1,2,2,1,1,peak,-11.565,1.299,2.649
1_2_2_1,1,2,2,1,1,net,-0.0,-0.031,1.245
1_2_2_1,1,2,2,1,1,bounce,6.084,-0.499,0.035
1_2_2_1,1,2,2,1,1,peak,12.774,-0.804,1.168
1_2_2_1,1,2,2,1,2,hit,12.774,-0.804,1.168
1_2_2_1,1,2,2,1,2,peak,5.674,-0.014,1.409
1_2_2_1,1,2,2,1,2,net,-0.0,0.68,1.221
1_2_2_1,1,2,2,1,2,bounce,-8.661,1.843,0.033
1_2_2_1,1,2,2,1,2,peak,-12.947,2.413,0.742
1_2_2_1,1,2,2,1,3,hit,-12.947,2.413,0.742
1_2_2_1,1,2,2,1,3,peak,-3.324,1.431,1.646
1_2_2_1,1,2,2,1,3,net,-0.0,1.113,1.518
1_2_2_1,1,2,2,1,3,bounce,7.892,0.446,0.033
1_2_2_1,1,2,2,1,3,peak,12.197,0.021,0.935
1_2_2_1,1,2,2,1,4,hit,12.463,-0.004,0.931
1_2_2_1,1,2,2,1,4,peak,4.611,-0.217,1.207
1_2_2_1,1,2,2,1,4,net,0.0,-0.32,1.092
1_2_2_1,1,2,2,1,4,bounce,-9.07,-0.498,0.032
1_2_2_1,1,2,2,1,4,peak,-14.337,-0.61,0.641
1_2_2_1,1,2,2,1,5,hit,-14.337,-0.61,0.641
1_2_2_1,1,2,2,1,5,peak,-0.709,-0.901,3.002
1_2_2_1,1,2,2,1,5,net,0.0,-0.906,2.994
1_2_2_1,1,2,2,1,5,bounce,12.197,-0.762,0.033
1_2_2_1,1,2,2,1,5,last,14.533,-0.686,1.204
1_2_3_1,1,2,3,1,1,hit,-11.265,-1.24,2.608
1_2_3_1,1,2,3,1,1,net,-0.0,-0.424,1.222
1_2_3_1,1,2,3,1,1,bounce,6.135,0.143,0.035
1_2_3_1,1,2,3,1,1,peak,13.012,0.926,1.019
1_2_3_1,1,2,3,1,2,hit,13.012,0.926,1.019
1_2_3_1,1,2,3,1,2,peak,3.084,-0.986,9.61
1_2_3_1,1,2,3,1,2,net,-0.0,-1.47,8.032
1_2_3_1,1,2,3,1,2,bounce,-4.302,-2.057,0.034
1_2_3_1,1,2,3,1,2,peak,-4.058,-2.043,3.156
1_2_3_1,1,2,3,1,3,hit,-3.93,-2.027,2.526
1_2_4_1,1,2,4,1,,bounce,5.602,0.527,0.036
1_2_4_2,1,2,4,2,1,hit,-11.59,1.171,2.659
1_2_4_2,1,2,4,2,1,net,-0.0,-1.72,1.432
1_2_4_2,1,2,4,2,1,bounce,6.16,-2.843,0.03
1_2_4_2,1,2,4,2,1,peak,11.422,-3.604,1.226
1_2_4_2,1,2,4,2,2,hit,11.422,-3.604,1.226
1_2_4_2,1,2,4,2,2,peak,5.532,-2.55,1.413
1_2_4_2,1,2,4,2,2,net,-0.0,-1.57,1.218
1_2_4_2,1,2,4,2,2,bounce,-8.391,-0.11,0.032
1_2_4_2,1,2,4,2,2,peak,-13.089,0.645,0.65
1_2_4_2,1,2,4,2,3,hit,-13.109,0.648,0.65
1_2_4_2,1,2,4,2,3,peak,-3.217,-0.527,1.798
1_2_4_2,1,2,4,2,3,net,-0.0,-0.868,1.657
1_2_4_2,1,2,4,2,3,bounce,7.69,-1.607,0.033
1_2_4_2,1,2,4,2,3,peak,11.896,-2.003,1.199
1_2_4_2,1,2,4,2,4,hit,11.896,-2.003,1.199
1_2_4_2,1,2,4,2,4,peak,5.186,-0.565,1.474
1_2_4_2,1,2,4,2,4,net,0.0,0.529,1.272
1_2_4_2,1,2,4,2,4,bounce,-7.733,2.147,0.032
1_2_4_2,1,2,4,2,4,peak,-12.463,3.13,0.764
1_2_4_2,1,2,4,2,5,hit,-14.06,3.464,0.668
1_2_4_2,1,2,4,2,5,peak,-3.678,0.973,1.705
1_2_4_2,1,2,4,2,5,net,-0.0,0.108,1.55
1_2_4_2,1,2,4,2,5,bounce,7.893,-1.71,0.033
1_2_4_2,1,2,4,2,5,peak,12.583,-2.818,0.984
1_2_4_2,1,2,4,2,6,hit,12.926,-2.9,0.979
1_2_4_2,1,2,4,2,6,peak,3.383,-0.82,1.713
1_2_4_2,1,2,4,2,6,net,0.0,-0.102,1.596
1_2_4_2,1,2,4,2,6,bounce,-8.437,1.621,0.032
1_2_4_2,1,2,4,2,6,peak,-12.744,2.672,1.015
1_2_4_2,1,2,4,2,7,hit,-13.857,2.942,0.938
1_2_4_2,1,2,4,2,7,peak,-3.895,0.447,1.729
1_2_4_2,1,2,4,2,7,net,-0.0,-0.511,1.585
1_2_4_2,1,2,4,2,7,bounce,8.91,-2.631,0.032
1_2_4_2,1,2,4,2,7,peak,13.905,-3.838,0.932
1_2_4_2,1,2,4,2,8,hit,13.905,-3.838,0.932
1_2_4_2,1,2,4,2,8,peak,2.185,-4.17,2.123
1_2_4_2,1,2,4,2,8,net,0.0,-4.256,2.07
1_2_4_2,1,2,4,2,8,bounce,-10.17,-4.791,0.032
1_2_5_1,1,2,5,1,1,hit,-11.312,-1.201,2.538
1_2_5_1,1,2,5,1,1,net,0.0,-0.021,0.973
1_2_5_1,1,2,5,1,1,bounce,4.579,0.562,0.035
1_2_5_1,1,2,5,1,1,peak,12.338,1.805,1.13
1_2_5_1,1,2,5,1,2,hit,12.338,1.805,1.13
1_2_5_1,1,2,5,1,2,peak,3.864,0.293,1.561
1_2_5_1,1,2,5,1,2,net,0.0,-0.409,1.452
1_2_5_1,1,2,5,1,2,bounce,-9.505,-2.25,0.033
1_2_5_1,1,2,5,1,2,peak,-12.729,-2.962,0.671
1_2_5_1,1,2,5,1,3,hit,-12.729,-2.962,0.671
1_2_5_1,1,2,5,1,3,peak,-1.031,-1.369,3.932
1_2_5_1,1,2,5,1,3,net,0.0,-1.235,3.903
1_2_5_1,1,2,5,1,3,bounce,10.166,0.063,0.034
1_2_5_1,1,2,5,1,3,peak,14.672,0.803,2.119
1_2_5_1,1,2,5,1,4,hit,16.679,1.144,1.665
1_2_5_1,1,2,5,1,4,peak,5.287,-0.864,2.919
1_2_5_1,1,2,5,1,4,net,0.0,-1.668,2.559
1_2_5_1,1,2,5,1,4,bounce,-8.587,-2.784,0.033
1_2_5_1,1,2,5,1,4,peak,-12.907,-3.467,1.623
1_2_5_1,1,2,5,1,5,hit,-12.907,-3.467,1.623
1_2_5_1,1,2,5,1,5,peak,-9.243,-2.413,1.706
1_2_5_1,1,2,5,1,5,net,0.0,0.129,1.094
1_2_5_1,1,2,5,1,5,bounce,5.661,1.588,0.033
1_2_5_1,1,2,5,1,5,peak,11.139,2.907,0.813
1_2_5_1,1,2,5,1,6,hit,13.948,3.564,0.571
1_2_5_1,1,2,5,1,6,peak,3.994,1.908,1.475
1_2_5_1,1,2,5,1,6,net,0.0,1.215,1.293
1_2_5_1,1,2,5,1,6,bounce,-6.682,0.003,0.032
1_2_5_1,1,2,5,1,6,peak,-11.226,-0.926,0.926
1_2_5_1,1,2,5,1,7,hit,-12.291,-1.154,0.872
1_2_5_1,1,2,5,1,7,peak,-5.474,-1.602,1.251
1_2_5_1,1,2,5,1,7,net,-0.019,-2.005,0.969
1_2_5_1,1,2,5,1,7,peak,4.951,-2.302,2.357
1_2_5_1,1,2,5,1,7,bounce,10.804,-2.666,0.03
1_2_5_1,1,2,5,1,7,peak,13.598,-2.802,1.161
1_2_5_1,1,2,5,1,8,hit,8.547,-2.0,1.298
1_2_5_1,1,2,5,1,8,net,-0.096,-0.685,0.811
1_2_5_1,1,2,5,1,8,peak,-0.096,-0.685,0.811
1_2_5_1,1,2,5,1,8,bounce,0.453,-0.346,0.034
1_2_5_1,1,2,5,1,8,last,1.006,-0.135,0.539
1_2_6_2,1,2,6,2,1,hit,-11.455,1.096,2.64
1_2_6_2,1,2,6,2,1,net,-0.0,-0.733,1.358
1_2_6_2,1,2,6,2,1,bounce,6.47,-1.378,0.033
1_2_6_2,1,2,6,2,1,last,11.928,-1.788,1.063
1_2_7_1,1,2,7,1,1,hit,-11.421,-1.355,2.62
1_2_7_1,1,2,7,1,1,net,-0.0,2.139,1.101
1_2_7_1,1,2,7,1,1,bounce,4.885,3.824,0.034
1_2_7_1,1,2,7,1,1,peak,11.395,6.282,1.165
1_2_7_1,1,2,7,1,2,hit,10.293,5.855,1.17
1_2_7_1,1,2,7,1,2,net,0.012,1.918,0.605
1_2_7_1,1,2,7,1,2,peak,0.006,1.896,0.606
1_2_7_1,1,2,7,1,2,bounce,0.407,0.67,0.035
1_2_7_1,1,2,7,1,2,last,0.809,0.042,0.428
1_2_8_1,1,2,8,1,1,hit,-11.424,1.063,2.599
1_2_8_1,1,2,8,1,1,peak,-11.424,1.063,2.599
1_2_8_1,1,2,8,1,1,net,-0.0,0.184,1.106
1_2_8_1,1,2,8,1,1,bounce,5.262,-0.018,0.036
1_2_8_1,1,2,8,1,1,peak,13.071,-0.095,1.179
1_2_8_1,1,2,8,1,2,hit,13.071,-0.095,1.179
1_2_8_1,1,2,8,1,2,peak,5.045,0.157,1.928
1_2_8_1,1,2,8,1,2,net,0.0,0.153,1.525
1_2_8_1,1,2,8,1,2,bounce,-5.191,-0.043,0.032
1_2_8_1,1,2,8,1,2,peak,-7.608,-0.346,0.753
1_2_8_1,1,2,8,1,3,hit,-8.343,-0.459,0.677
1_2_8_1,1,2,8,1,3,peak,-1.218,-1.524,1.222
1_2_8_1,1,2,8,1,3,net,0.0,-1.705,1.205
1_2_8_1,1,2,8,1,3,bounce,8.34,-2.943,0.032
1_3_1_1,1,3,1,1,1,hit,-15.358,-2.261,1.184
1_3_1_2,1,3,1,2,1,hit,-11.9,-5.299,1.237
1_3_1_2,1,3,1,2,1,peak,-5.37,-4.643,1.569
1_3_1_2,1,3,1,2,1,net,-0.0,-4.143,1.315
1_3_1_2,1,3,1,2,1,bounce,7.351,-3.531,0.032
1_3_1_2,1,3,1,2,1,peak,12.845,-3.103,0.968
1_3_1_2,1,3,1,2,2,hit,14.057,-3.017,0.918
1_3_1_2,1,3,1,2,2,peak,5.009,-1.509,2.156
1_3_1_2,1,3,1,2,2,net,-0.0,-0.261,1.597
1_3_1_2,1,3,1,2,2,bounce,-4.111,1.093,0.034
1_3_1_2,1,3,1,2,2,peak,-5.69,2.132,0.872
1_3_1_2,1,3,1,2,3,hit,-5.69,2.132,0.872
1_3_1_2,1,3,1,2,3,net,-0.0,0.638,1.25
1_3_1_2,1,3,1,2,3,peak,0.128,0.605,1.25
1_3_1_2,1,3,1,2,3,bounce,9.705,-1.793,0.031
1_3_1_2,1,3,1,2,3,peak,12.564,-2.572,0.705
1_3_1_2,1,3,1,2,4,hit,12.564,-2.572,0.705
1_3_1_2,1,3,1,2,4,peak,0.981,-1.148,2.284
1_3_1_2,1,3,1,2,4,net,0.0,-1.038,2.271
1_3_1_2,1,3,1,2,4,peak,-2.731,-0.738,2.084
1_3_1_2,1,3,1,2,5,hit,-2.731,-0.738,2.084
1_3_1_2,1,3,1,2,5,net,-0.0,-1.273,1.375
1_3_1_2,1,3,1,2,5,bounce,4.358,-2.093,0.033
1_3_2_1,1,3,2,1,,bounce,-4.929,-0.116,0.032
1_3_2_2,1,3,2,2,,bounce,-4.266,0.607,0.033
1_3_2_2,1,3,2,2,,peak,-11.284,0.991,1.325
1_3_2_2,1,3,2,2,,hit,-12.714,1.023,1.264
1_3_2_2,1,3,2,2,,peak,-5.062,0.108,1.836
1_3_2_2,1,3,2,2,,net,-0.0,-0.459,1.543
1_3_2_2,1,3,2,2,,bounce,7.039,-1.217,0.033
1_3_2_2,1,3,2,2,,peak,11.805,-1.648,1.088
1_3_2_2,1,3,2,2,,hit,12.132,-1.677,1.082
1_3_2_2,1,3,2,2,,peak,3.045,-1.384,1.581
1_3_2_2,1,3,2,2,,net,0.0,-1.311,1.514
1_3_2_2,1,3,2,2,,bounce,-10.393,-1.104,0.031
1_3_2_2,1,3,2,2,,peak,-14.577,-0.975,0.782
1_3_2_2,1,3,2,2,,hit,-14.577,-0.975,0.782
1_3_2_2,1,3,2,2,,peak,-5.68,-1.788,1.81
1_3_2_2,1,3,2,2,,net,-0.0,-2.207,1.311
1_3_2_2,1,3,2,2,,bounce,4.759,-2.483,0.033
1_3_2_2,1,3,2,2,,peak,9.102,-2.68,1.203
1_3_2_2,1,3,2,2,,hit,11.338,-2.77,0.843
1_3_2_2,1,3,2,2,,peak,4.833,-2.593,1.189
1_3_2_2,1,3,2,2,,net,-0.017,-2.48,0.976
1_3_2_2,1,3,2,2,,peak,-3.158,-1.989,2.768
1_3_2_2,1,3,2,2,,bounce,-6.666,-1.396,0.032
1_3_2_2,1,3,2,2,,peak,-9.284,-1.075,1.452
1_3_2_2,1,3,2,2,,hit,-9.839,-1.006,1.383
1_3_2_2,1,3,2,2,,peak,-3.254,-1.874,1.723
1_3_2_2,1,3,2,2,,net,-0.0,-2.328,1.627
1_3_2_2,1,3,2,2,,bounce,9.482,-3.742,0.032
1_3_3_2,1,3,3,2,1,hit,-12.234,-5.507,1.233
1_3_3_2,1,3,3,2,1,peak,-4.386,-3.318,1.672
1_3_3_2,1,3,3,2,1,net,-0.0,-2.114,1.512
1_3_3_2,1,3,3,2,1,bounce,8.933,0.311,0.034
1_3_3_2,1,3,3,2,1,peak,12.906,1.394,0.841
1_3_3_2,1,3,3,2,2,hit,12.906,1.394,0.841
1_3_3_2,1,3,3,2,2,peak,4.298,1.42,1.272
1_3_3_2,1,3,3,2,2,net,0.0,1.456,1.14
1_3_3_2,1,3,3,2,2,bounce,-8.042,1.559,0.032
1_3_3_2,1,3,3,2,2,peak,-12.532,1.603,0.63
1_3_3_2,1,3,3,2,3,hit,-13.395,1.615,0.604
1_3_3_2,1,3,3,2,3,peak,-2.853,0.995,2.224
1_3_3_2,1,3,3,2,3,net,-0.0,0.796,2.085
1_3_3_2,1,3,3,2,3,bounce,7.962,0.167,0.034
1_3_3_2,1,3,3,2,3,peak,12.147,-0.213,1.344
1_3_3_2,1,3,3,2,4,hit,12.147,-0.213,1.344
1_3_3_2,1,3,3,2,4,peak,4.573,-1.006,1.588
1_3_3_2,1,3,3,2,4,net,0.0,-1.461,1.479
1_3_3_2,1,3,3,2,4,bounce,-11.079,-2.481,0.031
1_3_3_2,1,3,3,2,4,peak,-15.493,-2.754,0.68
1_3_3_2,1,3,3,2,5,hit,-15.493,-2.754,0.68
1_3_3_2,1,3,3,2,5,peak,-3.18,-2.681,1.936
1_3_3_2,1,3,3,2,5,net,-0.0,-2.652,1.836
1_3_3_2,1,3,3,2,5,bounce,10.036,-2.51,0.032
1_3_3_2,1,3,3,2,5,peak,13.138,-2.417,0.931
1_3_3_2,1,3,3,2,6,hit,13.138,-2.417,0.931
1_3_3_2,1,3,3,2,6,peak,4.211,-2.027,1.615
1_3_3_2,1,3,3,2,6,net,0.0,-1.845,1.426
1_3_3_2,1,3,3,2,6,bounce,-7.197,-1.569,0.033
1_3_3_2,1,3,3,2,6,peak,-10.993,-1.395,0.858
1_3_3_2,1,3,3,2,7,hit,-12.485,-1.332,0.707
1_3_3_2,1,3,3,2,7,peak,-4.966,-1.956,1.194
1_3_3_2,1,3,3,2,7,net,-0.006,-2.362,0.966
1_3_3_2,1,3,3,2,7,peak,0.517,-2.82,2.411
1_3_3_2,1,3,3,2,7,bounce,1.17,-3.436,0.036
1_3_3_2,1,3,3,2,7,last,2.424,-3.884,1.364
1_3_4_1,1,3,4,1,1,hit,-14.103,4.908,1.121
1_3_4_2,1,3,4,2,1,hit,-11.78,3.916,1.444
1_3_4_2,1,3,4,2,1,peak,-4.084,3.624,1.792
1_3_4_2,1,3,4,2,1,net,0.0,3.529,1.674
1_3_4_2,1,3,4,2,1,bounce,10.48,3.512,0.03
1_4_1_1,1,4,1,1,1,hit,11.297,1.546,2.554
1_4_1_1,1,4,1,1,1,net,0.0,-1.391,1.227
1_4_1_1,1,4,1,1,1,bounce,-6.105,-3.266,0.035
1_4_1_1,1,4,1,1,1,peak,-11.881,-5.354,0.941
1_4_1_1,1,4,1,1,2,hit,-11.881,-5.354,0.941
1_4_1_1,1,4,1,1,2,peak,-2.769,-1.567,1.668
1_4_1_1,1,4,1,1,2,net,0.0,-0.447,1.59
1_4_1_1,1,4,1,1,2,bounce,9.252,3.156,0.031
1_4_1_1,1,4,1,1,2,peak,11.939,4.202,0.783
1_4_1_1,1,4,1,1,3,hit,11.939,4.202,0.783
1_4_1_1,1,4,1,1,3,peak,4.931,1.999,1.366
1_4_1_1,1,4,1,1,3,net,0.0,0.439,1.017
1_4_1_1,1,4,1,1,3,bounce,-4.386,-0.96,0.033
1_4_1_1,1,4,1,1,3,peak,-8.361,-2.362,0.875
1_4_1_1,1,4,1,1,4,hit,-10.968,-3.329,0.444
1_4_1_1,1,4,1,1,4,peak,-0.636,0.057,1.592
1_4_1_1,1,4,1,1,4,net,0.0,0.271,1.587
1_4_1_1,1,4,1,1,4,bounce,9.76,3.661,0.03
1_4_1_1,1,4,1,1,4,peak,13.729,5.033,1.208
1_4_1_1,1,4,1,1,5,hit,13.729,5.033,1.208
1_4_1_1,1,4,1,1,5,peak,4.11,2.265,1.922
1_4_1_1,1,4,1,1,5,net,0.0,1.056,1.758
1_4_1_1,1,4,1,1,5,bounce,-8.808,-1.518,0.033
1_4_1_1,1,4,1,1,5,peak,-12.905,-2.804,0.966
1_4_1_1,1,4,1,1,6,hit,-13.278,-2.922,0.957
1_4_1_1,1,4,1,1,6,peak,-3.646,-2.97,1.506
1_4_1_1,1,4,1,1,6,net,-0.0,-3.017,1.411
1_4_1_1,1,4,1,1,6,bounce,9.784,-3.243,0.032
1_4_2_1,1,4,2,1,1,hit,11.388,-1.211,2.627
1_4_2_1,1,4,2,1,1,net,0.0,0.249,1.038
1_4_2_1,1,4,2,1,1,bounce,-4.833,0.762,0.032
1_4_2_1,1,4,2,1,1,peak,-12.268,1.406,1.061
1_4_2_1,1,4,2,1,2,hit,-12.268,1.406,1.061
1_4_2_1,1,4,2,1,2,peak,-4.474,1.163,1.472
1_4_2_1,1,4,2,1,2,net,0.0,1.017,1.317
1_4_2_1,1,4,2,1,2,bounce,8.621,0.701,0.033
1_4_2_1,1,4,2,1,2,peak,12.921,0.523,0.717
1_4_2_1,1,4,2,1,3,hit,12.921,0.523,0.717
1_4_2_1,1,4,2,1,3,peak,2.564,0.235,1.733
1_4_2_1,1,4,2,1,3,net,0.0,0.138,1.657
1_4_2_1,1,4,2,1,3,bounce,-8.686,-0.276,0.032
1_4_2_1,1,4,2,1,3,peak,-12.966,-0.605,1.002
1_4_2_1,1,4,2,1,4,hit,-14.033,-0.699,0.932
1_4_2_1,1,4,2,1,4,peak,-4.127,-1.172,1.591
1_4_2_1,1,4,2,1,4,net,-0.0,-1.354,1.455
1_4_2_1,1,4,2,1,4,bounce,9.164,-1.735,0.032
1_4_2_1,1,4,2,1,4,peak,14.744,-1.849,0.954
1_4_2_1,1,4,2,1,5,hit,15.164,-1.857,0.948
1_4_2_1,1,4,2,1,5,peak,6.588,-1.158,1.432
1_4_2_1,1,4,2,1,5,net,0.0,-0.654,1.066
1_4_2_1,1,4,2,1,5,bounce,-5.781,-0.224,0.031
1_4_2_1,1,4,2,1,5,peak,-10.328,0.165,0.72
1_4_2_1,1,4,2,1,6,hit,-12.938,0.4,0.45
1_4_2_1,1,4,2,1,6,peak,-2.659,1.286,1.347
1_4_2_1,1,4,2,1,6,net,-0.0,1.57,1.275
1_4_2_1,1,4,2,1,6,bounce,8.183,2.582,0.032
1_4_2_1,1,4,2,1,6,peak,13.062,3.279,0.895
1_4_2_1,1,4,2,1,7,hit,13.996,3.418,0.859
1_4_2_1,1,4,2,1,7,peak,0.559,0.921,5.154
1_4_2_1,1,4,2,1,7,net,0.0,0.804,5.144
1_4_2_1,1,4,2,1,7,bounce,-10.756,-1.623,0.031
1_4_2_1,1,4,2,1,7,peak,-14.823,-2.423,2.41
1_4_2_1,1,4,2,1,8,hit,-17.165,-2.806,1.456
1_4_2_1,1,4,2,1,8,peak,-4.415,0.042,2.848
1_4_2_1,1,4,2,1,8,net,-0.0,0.987,2.637
1_4_2_1,1,4,2,1,8,bounce,10.634,3.115,0.031
1_4_2_1,1,4,2,1,8,peak,13.864,3.787,1.416
1_4_2_1,1,4,2,1,9,hit,13.864,3.787,1.416
1_4_2_1,1,4,2,1,9,peak,5.406,2.605,1.961
1_4_2_1,1,4,2,1,9,net,0.0,1.874,1.686
1_4_2_1,1,4,2,1,9,bounce,-8.119,0.893,0.031
1_4_2_1,1,4,2,1,9,peak,-12.433,0.383,0.943
1_4_2_1,1,4,2,1,10,hit,-13.57,0.264,0.869
1_4_2_1,1,4,2,1,10,peak,-1.683,1.573,1.812
1_4_2_1,1,4,2,1,10,net,-0.0,1.763,1.789
1_4_2_1,1,4,2,1,10,bounce,12.061,3.097,0.034
1_4_2_1,1,4,2,1,10,last,15.491,3.498,0.906
1_4_3_1,1,4,3,1,1,hit,-12.181,-2.84,0.891
1_4_3_2,1,4,3,2,1,hit,11.603,1.57,2.635
1_4_3_2,1,4,3,2,1,peak,11.603,1.57,2.635
1_4_3_2,1,4,3,2,1,net,0.0,-0.37,1.346
1_4_3_2,1,4,3,2,1,bounce,-5.584,-1.744,0.033
1_4_3_2,1,4,3,2,1,peak,-11.376,-3.497,1.128
1_4_3_2,1,4,3,2,2,hit,-11.376,-3.497,1.128
1_4_3_2,1,4,3,2,2,peak,-6.508,-3.287,1.25
1_4_3_2,1,4,3,2,2,net,0.052,-2.94,1.005
1_4_3_2,1,4,3,2,2,peak,0.207,-2.931,1.005
1_4_3_2,1,4,3,2,2,bounce,8.361,-2.419,0.032
1_4_3_2,1,4,3,2,2,peak,13.395,-2.03,0.903
1_4_3_2,1,4,3,2,3,hit,13.97,-1.985,0.89
1_4_3_2,1,4,3,2,3,peak,2.594,-1.69,1.892
1_4_3_2,1,4,3,2,3,net,0.0,-1.606,1.825
1_4_3_2,1,4,3,2,4,hit,-8.076,-1.299,0.576
1_4_3_2,1,4,3,2,4,net,-0.0,-0.486,1.734
1_4_3_2,1,4,3,2,4,peak,0.34,-0.452,1.736
1_4_3_2,1,4,3,2,4,bounce,9.468,0.446,0.032
1_4_3_2,1,4,3,2,4,peak,12.457,0.724,0.877
1_4_3_2,1,4,3,2,5,hit,12.569,0.733,0.876
1_4_3_2,1,4,3,2,5,peak,4.772,-0.322,1.432
1_4_3_2,1,4,3,2,5,net,0.0,-0.951,1.187
1_4_3_2,1,4,3,2,6,hit,-2.139,-1.222,0.904
1_4_3_2,1,4,3,2,6,net,0.0,-1.506,1.06
1_4_3_2,1,4,3,2,6,peak,1.83,-1.747,1.104
1_4_3_2,1,4,3,2,6,bounce,10.305,-2.871,0.032
1_4_4_1,1,4,4,1,1,hit,11.528,-1.273,2.622
1_4_4_1,1,4,4,1,1,peak,11.528,-1.273,2.622
1_4_4_1,1,4,4,1,1,net,0.0,1.942,1.078
1_4_4_1,1,4,4,1,1,bounce,-4.947,3.207,0.029
1_4_4_1,1,4,4,1,1,peak,-12.1,4.936,1.138
1_4_4_1,1,4,4,1,2,hit,-12.1,4.936,1.138
1_4_4_1,1,4,4,1,2,peak,-5.507,3.182,1.344
1_4_4_1,1,4,4,1,2,net,0.0,1.792,1.173
1_4_4_1,1,4,4,1,2,bounce,8.704,-0.267,0.035
1_4_4_1,1,4,4,1,2,peak,12.718,-1.112,0.643
1_4_4_1,1,4,4,1,3,hit,12.718,-1.112,0.643
1_4_4_1,1,4,4,1,3,peak,3.335,-0.883,1.704
1_4_4_1,1,4,4,1,3,net,-0.0,-0.796,1.541
1_4_4_1,1,4,4,1,3,bounce,-6.706,-0.608,0.032
1_4_4_1,1,4,4,1,3,peak,-10.561,-0.486,1.065
1_4_4_1,1,4,4,1,4,hit,-11.67,-0.452,0.967
1_4_4_1,1,4,4,1,4,peak,-3.562,0.737,1.333
1_4_4_1,1,4,4,1,4,net,0.0,1.251,1.252
1_4_4_1,1,4,4,1,4,bounce,9.876,2.706,0.03
1_4_4_1,1,4,4,1,4,peak,15.093,3.535,0.81
1_4_4_1,1,4,4,1,5,hit,15.093,3.535,0.81
1_4_4_1,1,4,4,1,5,peak,2.927,5.173,4.6
1_4_4_1,1,4,4,1,5,net,-0.0,5.681,4.243
1_4_4_1,1,4,4,1,5,bounce,-6.608,4.615,0.034
1_4_4_1,1,4,4,1,5,last,-6.785,7.486,1.701
1_4_5_1,1,4,5,1,1,hit,11.331,1.238,2.633
1_4_5_1,1,4,5,1,1,net,0.0,0.336,1.002
1_4_5_1,1,4,5,1,1,bounce,-4.584,-0.077,0.033
1_4_6_1,1,4,6,1,1,hit,11.505,-1.472,2.657
1_4_6_1,1,4,6,1,1,peak,11.505,-1.472,2.657
1_4_6_1,1,4,6,1,1,net,0.0,1.626,1.015
1_4_6_1,1,4,6,1,1,bounce,-4.679,2.817,0.029
1_4_6_1,1,4,6,1,1,peak,-12.266,4.711,1.116
1_4_6_1,1,4,6,1,2,hit,-12.266,4.711,1.116
1_4_6_1,1,4,6,1,2,peak,-5.105,2.396,1.55
1_4_6_1,1,4,6,1,2,net,-0.0,0.778,1.285
1_4_6_1,1,4,6,1,2,bounce,6.615,-1.277,0.033
1_4_6_1,1,4,6,1,2,peak,11.376,-2.781,0.895
1_4_6_1,1,4,6,1,3,hit,12.428,-3.109,0.848
1_4_6_1,1,4,6,1,3,peak,2.049,-0.848,1.883
1_4_6_1,1,4,6,1,3,net,0.0,-0.397,1.834
1_4_6_1,1,4,6,1,3,bounce,-9.672,1.743,0.033
1_4_6_1,1,4,6,1,3,peak,-13.767,2.823,1.069
1_4_6_1,1,4,6,1,4,hit,-13.767,2.823,1.069
1_4_6_1,1,4,6,1,4,peak,-4.849,0.881,1.633
1_4_6_1,1,4,6,1,4,net,-0.0,-0.151,1.437
1_4_6_1,1,4,6,1,4,bounce,8.415,-1.876,0.033
1_4_6_1,1,4,6,1,4,peak,13.913,-3.035,0.997
1_4_6_1,1,4,6,1,5,hit,13.913,-3.035,0.997
1_4_6_1,1,4,6,1,5,peak,6.334,-3.317,1.369
1_4_6_1,1,4,6,1,5,net,0.013,-3.588,1.029
1_4_6_1,1,4,6,1,5,peak,-0.545,-3.596,1.036
1_4_6_1,1,4,6,1,5,bounce,-6.89,-3.696,0.034
1_4_6_1,1,4,6,1,5,peak,-10.739,-3.655,0.79
1_4_6_1,1,4,6,1,6,hit,-12.982,-3.639,0.493
1_4_6_1,1,4,6,1,6,peak,-3.453,-0.818,1.559
1_4_6_1,1,4,6,1,6,net,0.0,0.213,1.383
1_4_6_1,1,4,6,1,6,bounce,6.227,2.109,0.034
1_4_6_1,1,4,6,1,6,peak,9.157,3.026,0.679
1_4_6_1,1,4,6,1,7,hit,10.583,3.478,0.513
1_4_6_1,1,4,6,1,7,peak,0.534,0.706,1.531
1_4_6_1,1,4,6,1,7,net,0.0,0.552,1.528
1_4_6_1,1,4,6,1,7,bounce,-9.648,-2.385,0.033
1_4_6_1,1,4,6,1,7,peak,-13.537,-3.659,1.01
1_4_6_1,1,4,6,1,8,hit,-13.537,-3.659,1.01
1_4_6_1,1,4,6,1,8,peak,-2.359,-0.816,2.172
1_4_6_1,1,4,6,1,8,net,0.0,-0.213,2.11
1_4_6_1,1,4,6,1,8,bounce,10.672,2.565,0.033
1_4_6_1,1,4,6,1,8,peak,14.012,3.519,1.13
1_4_6_1,1,4,6,1,9,hit,14.012,3.519,1.13
1_4_6_1,1,4,6,1,9,peak,0.694,1.445,4.64
1_4_6_1,1,4,6,1,9,net,0.0,1.344,4.628
1_4_6_1,1,4,6,1,9,bounce,-11.466,-0.189,0.034
1_4_6_1,1,4,6,1,9,peak,-15.516,-0.825,2.25
1_4_6_1,1,4,6,1,10,hit,-17.715,-1.125,1.541
1_4_6_1,1,4,6,1,10,peak,-7.394,-1.092,2.311
1_4_6_1,1,4,6,1,10,net,0.0,-1.206,1.807
1_4_6_1,1,4,6,1,10,bounce,7.601,-1.467,0.033
1_4_6_1,1,4,6,1,10,peak,12.849,-1.569,1.382
1_4_6_1,1,4,6,1,11,hit,12.849,-1.569,1.382
1_4_6_1,1,4,6,1,11,peak,3.975,0.386,2.019
1_4_6_1,1,4,6,1,11,net,0.0,1.25,1.857
1_4_6_1,1,4,6,1,11,bounce,-8.764,3.16,0.033
1_4_6_1,1,4,6,1,11,peak,-12.92,4.178,1.152
1_4_6_1,1,4,6,1,12,hit,-7.699,2.073,1.378
1_4_6_1,1,4,6,1,12,net,0.059,-0.871,0.852
1_4_6_1,1,4,6,1,12,peak,0.059,-0.871,0.852
1_4_6_1,1,4,6,1,12,bounce,-0.205,-1.435,0.035
1_4_6_1,1,4,6,1,12,last,-0.909,-1.904,0.8
1_4_7_1,1,4,7,1,1,hit,11.405,1.442,2.608
1_4_7_1,1,4,7,1,1,net,0.0,0.223,1.226
1_4_7_1,1,4,7,1,1,bounce,-6.083,-0.499,0.032
1_4_8_1,1,4,8,1,1,hit,11.341,-1.185,2.622
1_4_8_1,1,4,8,1,1,peak,11.341,-1.185,2.622
1_4_8_1,1,4,8,1,1,net,0.0,0.452,1.153
1_4_8_1,1,4,8,1,1,bounce,-5.691,1.129,0.031
1_4_8_1,1,4,8,1,1,peak,-12.584,1.734,1.065
1_4_8_1,1,4,8,1,2,hit,-12.584,1.734,1.065
1_4_8_1,1,4,8,1,2,peak,-4.924,2.141,1.441
1_4_8_1,1,4,8,1,2,net,-0.0,2.37,1.258
1_4_8_1,1,4,8,1,2,bounce,8.109,2.688,0.032
1_4_8_1,1,4,8,1,2,peak,13.234,2.831,0.799
1_4_8_1,1,4,8,1,3,hit,7.324,1.141,1.045
1_4_8_1,1,4,8,1,3,net,0.006,-1.172,0.491
1_4_8_1,1,4,8,1,3,peak,0.006,-1.172,0.491
1_4_8_1,1,4,8,1,3,peak,0.677,-1.552,0.328
1_4_8_1,1,4,8,1,3,last,1.163,-1.73,0.032
1_4_9_1,1,4,9,1,1,hit,11.387,1.269,2.552
1_4_9_1,1,4,9,1,1,net,0.0,0.419,1.185
1_4_9_1,1,4,9,1,1,bounce,-6.226,-0.115,0.032
1_4_10_1,1,4,10,1,1,hit,11.466,-1.308,2.67
1_4_10_1,1,4,10,1,1,peak,11.466,-1.308,2.67
1_4_10_1,1,4,10,1,1,net,0.0,1.675,1.269
1_4_10_1,1,4,10,1,1,bounce,-6.272,3.184,0.032
1_4_10_1,1,4,10,1,1,peak,-11.974,4.454,1.031
1_4_10_1,1,4,10,1,2,hit,-11.974,4.454,1.031
1_4_10_1,1,4,10,1,2,peak,-2.97,1.489,1.606
1_4_10_1,1,4,10,1,2,net,0.0,0.517,1.533
1_4_10_1,1,4,10,1,2,bounce,10.003,-2.667,0.032
1_4_10_1,1,4,10,1,2,peak,12.803,-3.529,0.643
1_4_10_1,1,4,10,1,3,hit,5.227,-2.096,1.093
1_4_10_1,1,4,10,1,3,net,0.007,-1.09,0.826
1_4_10_1,1,4,10,1,3,peak,0.007,-1.09,0.826
1_4_10_1,1,4,10,1,3,bounce,0.482,-0.893,0.034
1_4_10_1,1,4,10,1,3,last,1.044,-0.794,0.569
1_4_11_1,1,4,11,1,1,hit,11.298,1.49,2.586
1_4_11_1,1,4,11,1,1,peak,11.298,1.49,2.586
1_4_11_1,1,4,11,1,1,net,0.0,-1.731,1.117
1_4_11_1,1,4,11,1,1,bounce,-5.045,-3.48,0.034
1_4_11_1,1,4,11,1,1,peak,-11.114,-5.941,0.954
1_4_11_1,1,4,11,1,2,hit,-11.114,-5.941,0.954
1_4_11_1,1,4,11,1,2,peak,-1.776,-1.57,1.633
1_4_11_1,1,4,11,1,2,net,0.0,-0.76,1.604
1_4_11_1,1,4,11,1,2,bounce,10.293,3.799,0.03
1_4_11_1,1,4,11,1,2,peak,11.923,4.523,0.553
1_4_11_1,1,4,11,1,3,hit,11.923,4.523,0.553
1_4_11_1,1,4,11,1,3,peak,3.637,1.092,2.842
1_4_11_1,1,4,11,1,3,net,-0.0,-0.547,2.263
1_4_11_1,1,4,11,1,3,bounce,-3.977,-2.508,0.033
1_4_11_1,1,4,11,1,3,peak,-6.957,-4.034,1.6
1_4_11_1,1,4,11,1,4,hit,-7.705,-4.434,1.489
1_4_11_1,1,4,11,1,4,peak,-3.376,-4.036,1.587
1_4_11_1,1,4,11,1,4,net,0.0,-3.761,1.521
1_4_11_1,1,4,11,1,4,bounce,11.937,-3.042,0.031
1_4_11_1,1,4,11,1,4,last,18.948,-2.682,0.958
1_4_12_1,1,4,12,1,1,hit,11.448,-1.115,2.581
1_4_12_1,1,4,12,1,1,peak,11.448,-1.115,2.581
1_4_12_1,1,4,12,1,1,net,0.0,-0.124,1.187
1_4_12_1,1,4,12,1,1,bounce,-5.714,0.095,0.031
1_4_12_1,1,4,12,1,1,peak,-12.905,0.062,1.045
1_4_12_1,1,4,12,1,2,hit,-12.905,0.062,1.045
1_4_12_1,1,4,12,1,2,peak,-4.975,0.054,1.603
1_4_12_1,1,4,12,1,2,net,-0.0,0.012,1.342
1_4_12_1,1,4,12,1,2,bounce,6.731,-0.087,0.035
1_4_12_1,1,4,12,1,2,peak,11.395,-0.115,0.916
1_4_12_1,1,4,12,1,3,hit,11.936,-0.116,0.903
1_4_12_1,1,4,12,1,3,peak,4.75,1.072,1.372
1_4_12_1,1,4,12,1,3,net,0.0,1.872,1.128
1_4_12_1,1,4,12,1,3,bounce,-5.964,2.9,0.032
1_4_12_1,1,4,12,1,3,peak,-10.495,3.613,0.831
1_4_12_1,1,4,12,1,4,hit,-13.664,4.101,0.36
1_4_12_1,1,4,12,1,4,peak,-2.369,0.583,2.312
1_4_12_1,1,4,12,1,4,net,0.0,-0.236,2.192
1_4_12_1,1,4,12,1,4,bounce,7.123,-2.909,0.03
1_4_12_1,1,4,12,1,4,peak,9.227,-3.874,0.956
1_4_12_1,1,4,12,1,5,hit,9.59,-4.046,0.926
1_4_12_1,1,4,12,1,5,peak,4.154,-3.866,1.154
1_4_12_1,1,4,12,1,5,net,-0.017,-3.713,1.005
1_4_12_1,1,4,12,1,5,peak,-3.912,-3.075,4.327
1_4_12_1,1,4,12,1,5,bounce,-7.894,-2.437,0.032
1_4_12_1,1,4,12,1,5,peak,-10.739,-2.256,1.979
1_4_12_1,1,4,12,1,6,hit,-11.644,-2.205,1.769
1_4_12_1,1,4,12,1,6,peak,-10.893,-1.996,1.772
1_4_12_1,1,4,12,1,6,net,-0.0,0.899,1.125
1_4_12_1,1,4,12,1,6,bounce,6.231,2.431,0.034
1_4_12_1,1,4,12,1,6,peak,12.63,3.928,0.93
1_4_12_1,1,4,12,1,7,hit,15.401,4.57,0.735
1_4_12_1,1,4,12,1,7,peak,4.474,2.693,4.106
1_4_12_1,1,4,12,1,7,net,0.0,1.759,3.367
1_4_12_1,1,4,12,1,7,bounce,-5.471,0.499,0.032
1_4_12_1,1,4,12,1,7,peak,-8.549,-0.158,1.963
1_4_12_1,1,4,12,1,8,hit,-8.549,-0.158,1.963
1_4_12_1,1,4,12,1,8,peak,-5.842,-0.525,1.998
1_4_12_1,1,4,12,1,8,net,-0.0,-1.389,1.812
1_4_12_1,1,4,12,1,8,bounce,11.304,-3.4,0.032
1_4_12_1,1,4,12,1,8,peak,16.029,-4.3,0.986
1_4_12_1,1,4,12,1,9,hit,16.029,-4.3,0.986
1_4_12_1,1,4,12,1,9,peak,0.409,-2.371,6.704
1_4_12_1,1,4,12,1,9,net,0.0,-2.308,6.698
1_4_12_1,1,4,12,1,9,bounce,-11.762,-0.08,0.035
1_4_12_1,1,4,12,1,9,peak,-12.966,0.352,2.596
1_4_12_1,1,4,12,1,10,hit,-13.768,0.643,1.405
1_4_12_1,1,4,12,1,10,peak,-4.958,-0.405,2.088
1_4_12_1,1,4,12,1,10,net,-0.0,-1.107,1.816
1_4_12_1,1,4,12,1,10,bounce,7.877,-2.375,0.031
1_4_12_1,1,4,12,1,10,peak,13.774,-3.269,1.487
1_4_12_1,1,4,12,1,11,hit,16.119,-3.646,1.213
1_4_12_1,1,4,12,1,11,peak,4.623,-0.561,2.265
1_4_12_1,1,4,12,1,11,net,0.0,0.639,2.048
1_4_12_1,1,4,12,1,11,bounce,-9.352,3.001,0.032
1_4_12_1,1,4,12,1,11,peak,-13.402,4.01,1.124
1_4_12_1,1,4,12,1,12,hit,-13.402,4.01,1.124
1_4_12_1,1,4,12,1,12,peak,-4.028,0.577,1.763
1_4_12_1,1,4,12,1,12,net,0.0,-0.915,1.617
1_4_12_1,1,4,12,1,12,bounce,9.047,-4.283,0.032
1_5_1_1,1,5,1,1,1,hit,14.26,7.097,1.137
1_5_1_2,1,5,1,2,,peak,6.524,2.957,1.64
1_5_1_2,1,5,1,2,,net,0.0,1.782,1.292
1_5_1_2,1,5,1,2,,bounce,-6.758,0.737,0.031
1_5_1_2,1,5,1,2,,peak,-11.926,0.023,0.949
1_5_1_2,1,5,1,2,,hit,-12.424,-0.032,0.94
1_5_1_2,1,5,1,2,,peak,-2.668,0.993,1.575
1_5_1_2,1,5,1,2,,net,-0.0,1.285,1.518
1_5_1_2,1,5,1,2,,bounce,10.253,2.476,0.033
1_5_1_2,1,5,1,2,,peak,14.516,2.95,0.94
1_5_1_2,1,5,1,2,,hit,14.516,2.95,0.94
1_5_1_2,1,5,1,2,,peak,4.278,0.686,1.994
1_5_1_2,1,5,1,2,,net,-0.0,-0.314,1.76
1_5_1_2,1,5,1,2,,bounce,-7.421,-2.153,0.032
1_5_1_2,1,5,1,2,,peak,-11.962,-3.243,1.302
1_5_1_2,1,5,1,2,,hit,-12.654,-3.412,1.269
1_5_1_2,1,5,1,2,,peak,-3.213,-0.665,1.876
1_5_1_2,1,5,1,2,,net,0.0,0.255,1.79
1_5_1_2,1,5,1,2,,bounce,10.676,3.205,0.031
1_5_1_2,1,5,1,2,,peak,14.582,4.355,1.113
1_5_1_2,1,5,1,2,,hit,14.582,4.355,1.113
1_5_1_2,1,5,1,2,,peak,6.588,3.696,1.539
1_5_1_2,1,5,1,2,,net,0.0,3.208,1.163
1_5_1_2,1,5,1,2,,bounce,-5.872,2.829,0.032
1_5_1_2,1,5,1,2,,peak,-10.49,2.357,0.902
1_5_1_2,1,5,1,2,,hit,-12.962,2.142,0.601
1_5_1_2,1,5,1,2,,peak,-2.238,-0.613,1.758
1_5_1_2,1,5,1,2,,net,-0.0,-1.187,1.698
1_5_1_2,1,5,1,2,,bounce,9.08,-3.589,0.032
1_5_1_2,1,5,1,2,,peak,13.915,-4.821,1.146
1_5_1_2,1,5,1,2,,hit,14.495,-4.972,1.128
1_5_1_2,1,5,1,2,,peak,5.351,-4.59,1.653
1_5_1_2,1,5,1,2,,net,0.0,-4.36,1.422
1_5_1_2,1,5,1,2,,bounce,-7.878,-4.019,0.033
1_5_2_1,1,5,2,1,1,hit,-11.266,0.753,2.729
1_5_2_1,1,5,2,1,1,peak,-11.266,0.753,2.729
1_5_2_1,1,5,2,1,1,net,0.0,0.062,0.966
1_5_2_1,1,5,2,1,1,bounce,4.282,-0.128,0.035
1_5_2_1,1,5,2,1,1,peak,13.815,-0.383,1.409
1_5_2_1,1,5,2,1,2,hit,8.53,-0.082,1.672
1_5_2_1,1,5,2,1,2,net,-0.038,0.464,0.823
1_5_2_1,1,5,2,1,2,peak,-0.038,0.464,0.823
1_5_2_1,1,5,2,1,2,bounce,0.333,0.351,0.035
1_5_2_1,1,5,2,1,2,last,0.895,0.3,0.628
1_5_3_2,1,5,3,2,1,hit,12.041,5.425,1.328
1_5_3_2,1,5,3,2,1,peak,4.928,4.396,1.623
1_5_3_2,1,5,3,2,1,net,0.0,3.788,1.449
1_5_3_2,1,5,3,2,1,bounce,-8.904,2.942,0.033
1_5_3_2,1,5,3,2,1,peak,-13.545,2.569,0.773
1_5_3_2,1,5,3,2,2,hit,-13.734,2.556,0.772
1_5_3_2,1,5,3,2,2,peak,-8.905,1.972,1.261
1_5_3_2,1,5,3,2,2,bounce,-2.067,0.986,0.035
1_5_3_2,1,5,3,2,2,last,0.001,0.508,0.629
1_5_5_2,1,5,5,2,1,hit,12.681,2.986,1.262
1_5_5_2,1,5,5,2,1,peak,6.775,1.153,1.489
1_5_5_2,1,5,5,2,1,net,0.0,-0.998,1.115
1_5_5_2,1,5,5,2,1,bounce,-5.856,-2.957,0.034
1_5_5_2,1,5,5,2,1,last,-10.242,-4.563,0.799
1_6_1_1,1,6,1,1,1,hit,-11.274,-1.4,2.575
1_6_1_1,1,6,1,1,1,net,0.0,-0.128,1.023
1_6_1_1,1,6,1,1,1,bounce,4.811,0.527,0.035
1_6_1_1,1,6,1,1,1,peak,12.545,1.729,1.177
1_6_1_1,1,6,1,1,2,hit,12.545,1.729,1.177
1_6_1_1,1,6,1,1,2,peak,4.292,-0.149,1.665
1_6_1_1,1,6,1,1,2,net,0.0,-1.156,1.5
1_6_1_1,1,6,1,1,2,bounce,-8.12,-3.122,0.033
1_6_1_1,1,6,1,1,2,peak,-11.778,-4.002,0.801
1_6_1_1,1,6,1,1,3,hit,-12.288,-4.128,0.783
1_6_1_1,1,6,1,1,3,peak,-0.241,-3.075,2.297
1_6_1_1,1,6,1,1,3,net,-0.0,-3.052,2.296
1_6_1_1,1,6,1,1,3,bounce,12.624,-1.796,0.031
1_6_1_1,1,6,1,1,3,last,14.175,-1.605,0.724
1_6_2_1,1,6,2,1,,bounce,8.287,-0.802,0.034
1_6_2_2,1,6,2,2,1,hit,-11.621,1.082,2.691
1_6_2_2,1,6,2,2,1,peak,-11.621,1.082,2.691
1_6_2_2,1,6,2,2,1,net,0.0,-2.22,1.209
1_6_2_2,1,6,2,2,1,bounce,4.799,-3.241,0.033
1_6_2_2,1,6,2,2,1,peak,11.457,-4.374,1.43
1_6_2_2,1,6,2,2,2,hit,11.457,-4.374,1.43
1_6_2_2,1,6,2,2,2,peak,5.114,-3.473,1.649
1_6_2_2,1,6,2,2,2,net,0.0,-2.789,1.468
1_6_2_2,1,6,2,2,2,bounce,-8.69,-1.706,0.033
1_6_2_2,1,6,2,2,2,peak,-13.08,-1.289,0.773
1_6_2_2,1,6,2,2,3,hit,-13.765,-1.233,0.752
1_6_2_2,1,6,2,2,3,peak,-4.855,-1.839,1.645
1_6_2_2,1,6,2,2,3,net,-0.0,-2.107,1.337
1_6_2_2,1,6,2,2,3,bounce,5.948,-2.355,0.031
1_6_2_2,1,6,2,2,3,peak,11.08,-2.58,1.197
1_6_2_2,1,6,2,2,4,hit,12.066,-2.62,1.15
1_6_2_2,1,6,2,2,4,peak,4.511,-1.308,1.483
1_6_2_2,1,6,2,2,4,net,0.0,-0.528,1.338
1_6_2_2,1,6,2,2,4,bounce,-8.777,0.996,0.031
1_6_2_2,1,6,2,2,4,peak,-13.447,1.777,0.733
1_6_2_2,1,6,2,2,5,hit,-14.377,1.927,0.7
1_6_2_2,1,6,2,2,5,peak,-3.187,1.773,1.75
1_6_2_2,1,6,2,2,5,net,-0.0,1.737,1.648
1_6_2_2,1,6,2,2,5,bounce,9.248,1.685,0.031
1_6_2_2,1,6,2,2,5,peak,13.931,1.551,1.007
1_6_2_2,1,6,2,2,6,hit,13.931,1.551,1.007
1_6_2_2,1,6,2,2,6,peak,5.546,0.445,1.487
1_6_2_2,1,6,2,2,6,net,0.0,-0.296,1.225
1_6_2_2,1,6,2,2,6,bounce,-6.884,-1.264,0.032
1_6_2_2,1,6,2,2,6,peak,-11.962,-2.037,0.921
1_6_2_2,1,6,2,2,7,hit,-13.615,-2.306,0.811
1_6_2_2,1,6,2,2,7,peak,-4.861,-2.611,1.593
1_6_2_2,1,6,2,2,7,net,0.0,-2.775,1.307
1_6_2_2,1,6,2,2,7,bounce,6.121,-2.992,0.031
1_6_2_2,1,6,2,2,7,peak,11.429,-3.033,1.164
1_6_2_2,1,6,2,2,8,hit,13.72,-3.045,0.928
1_6_2_2,1,6,2,2,8,peak,4.772,-0.966,1.477
1_6_2_2,1,6,2,2,8,net,0.0,0.176,1.277
1_6_2_2,1,6,2,2,8,bounce,-7.265,1.992,0.032
1_6_2_2,1,6,2,2,8,peak,-11.78,3.144,0.846
1_6_2_2,1,6,2,2,9,hit,-13.393,3.553,0.719
1_6_2_2,1,6,2,2,9,peak,-3.098,1.501,1.496
1_6_2_2,1,6,2,2,9,net,-0.0,0.874,1.411
1_6_2_2,1,6,2,2,9,bounce,9.027,-0.951,0.034
1_6_2_2,1,6,2,2,9,peak,13.419,-1.906,0.878
1_6_2_2,1,6,2,2,10,hit,13.419,-1.906,0.878
1_6_2_2,1,6,2,2,10,peak,3.636,-1.963,1.425
1_6_2_2,1,6,2,2,10,net,0.0,-1.991,1.33
1_6_2_2,1,6,2,2,10,bounce,-9.172,-2.108,0.033
1_6_2_2,1,6,2,2,10,peak,-13.638,-2.126,0.707
1_6_2_2,1,6,2,2,11,hit,-14.211,-2.133,0.694
1_6_2_2,1,6,2,2,11,peak,-1.17,0.106,2.362
1_6_2_2,1,6,2,2,11,net,0.0,0.311,2.346
1_6_2_2,1,6,2,2,11,bounce,11.975,2.513,0.033
1_6_2_2,1,6,2,2,11,peak,14.892,3.094,1.148
1_6_2_2,1,6,2,2,12,hit,14.892,3.094,1.148
1_6_2_2,1,6,2,2,12,peak,3.307,1.718,2.139
1_6_2_2,1,6,2,2,12,net,0.0,1.32,2.033
1_6_2_2,1,6,2,2,12,bounce,-10.102,0.082,0.035
1_6_2_2,1,6,2,2,12,peak,-13.323,-0.442,0.993
1_6_2_2,1,6,2,2,12,last,-15.501,-0.704,0.032
1_6_3_1,1,6,3,1,1,hit,-11.285,-1.674,2.566
1_6_3_1,1,6,3,1,1,net,-0.0,1.94,1.077
1_6_3_1,1,6,3,1,1,bounce,4.671,3.684,0.035
1_6_3_1,1,6,3,1,1,peak,11.422,6.523,1.241
1_6_3_1,1,6,3,1,2,hit,11.422,6.523,1.241
1_6_3_1,1,6,3,1,2,peak,8.433,6.673,1.282
1_6_3_1,1,6,3,1,2,net,0.0,7.188,0.89
1_6_3_1,1,6,3,1,2,bounce,-5.988,4.615,0.034
1_6_3_1,1,6,3,1,2,last,-10.72,8.107,0.59
1_6_4_1,1,6,4,1,1,hit,-11.304,1.177,2.616
1_6_4_1,1,6,4,1,1,peak,-11.304,1.177,2.616
1_6_4_1,1,6,4,1,1,net,-0.0,-2.08,1.093
1_6_4_1,1,6,4,1,1,bounce,5.053,-3.334,0.033
1_6_4_1,1,6,4,1,1,peak,12.104,-4.88,1.217
1_6_4_1,1,6,4,1,2,hit,12.104,-4.88,1.217
1_6_4_1,1,6,4,1,2,peak,5.044,-3.458,1.514
1_6_4_1,1,6,4,1,2,net,0.0,-2.439,1.326
1_6_4_1,1,6,4,1,2,bounce,-8.073,-0.762,0.032
1_6_4_1,1,6,4,1,2,peak,-12.578,0.264,0.744
1_6_4_1,1,6,4,1,3,hit,-12.594,0.268,0.744
1_6_4_1,1,6,4,1,3,peak,-4.51,-1.178,1.867
1_6_4_1,1,6,4,1,3,net,0.0,-1.912,1.469
1_6_4_1,1,6,4,1,3,bounce,4.901,-2.643,0.033
1_6_4_1,1,6,4,1,3,peak,9.301,-3.274,1.166
1_6_4_1,1,6,4,1,4,hit,11.11,-3.532,0.96
1_6_4_1,1,6,4,1,4,peak,1.557,-0.218,1.483
1_6_4_1,1,6,4,1,4,net,0.0,0.328,1.466
1_6_4_1,1,6,4,1,4,bounce,-11.104,4.302,0.032
1_6_5_1,1,6,5,1,1,hit,-11.429,-1.197,2.612
1_6_5_1,1,6,5,1,1,peak,-11.429,-1.197,2.612
1_6_5_1,1,6,5,1,1,net,0.0,-0.321,1.014
1_6_5_1,1,6,5,1,1,bounce,5.0,0.116,0.036
1_6_5_1,1,6,5,1,1,last,14.146,1.032,1.222
1_6_6_1,1,6,6,1,1,hit,-11.511,1.358,2.66
1_6_6_1,1,6,6,1,1,net,-0.0,-1.516,1.1
1_6_6_1,1,6,6,1,1,bounce,5.418,-2.766,0.03
1_6_6_1,1,6,6,1,1,peak,12.062,-4.271,1.066
1_6_6_1,1,6,6,1,2,hit,12.062,-4.271,1.066
1_6_6_1,1,6,6,1,2,peak,3.231,-2.413,1.725
1_6_6_1,1,6,6,1,2,net,0.0,-1.728,1.616
1_6_6_1,1,6,6,1,2,bounce,-8.533,0.08,0.032
1_6_6_1,1,6,6,1,2,peak,-12.725,1.073,0.965
1_6_6_1,1,6,6,1,3,hit,-12.827,1.096,0.964
1_6_6_1,1,6,6,1,3,peak,-5.062,1.216,1.527
1_6_6_1,1,6,6,1,3,net,0.0,1.322,1.251
1_6_6_1,1,6,6,1,3,bounce,6.382,1.459,0.033
1_6_6_1,1,6,6,1,3,peak,11.952,1.584,1.061
1_6_6_1,1,6,6,1,4,hit,13.24,1.622,1.001
1_6_6_1,1,6,6,1,4,peak,1.401,0.353,1.981
1_6_6_1,1,6,6,1,4,net,0.0,0.195,1.964
1_6_6_1,1,6,6,1,4,bounce,-12.183,-1.209,0.031
1_6_6_1,1,6,6,1,4,last,-15.645,-1.673,0.937
1_7_1_1,1,7,1,1,1,hit,11.217,1.254,2.708
1_7_1_1,1,7,1,1,1,net,0.0,0.149,1.139
1_7_1_1,1,7,1,1,1,bounce,-5.778,-0.453,0.031
1_7_1_1,1,7,1,1,1,peak,-13.854,-1.348,1.1
1_7_1_1,1,7,1,1,2,hit,-14.646,-1.444,1.088
1_7_1_1,1,7,1,1,2,peak,-6.629,-1.339,2.726
1_7_1_1,1,7,1,1,2,net,0.0,-1.372,1.345
1_7_1_1,1,7,1,1,2,bounce,2.536,-1.41,0.03
1_7_1_1,1,7,1,1,2,peak,4.366,-1.582,1.265
1_7_1_1,1,7,1,1,3,hit,4.704,-1.616,1.223
1_7_1_1,1,7,1,1,3,peak,3.738,-1.63,1.228
1_7_1_1,1,7,1,1,3,net,0.0,-1.659,1.135
1_7_1_1,1,7,1,1,3,bounce,-8.648,-1.528,0.033
1_7_1_1,1,7,1,1,3,peak,-13.459,-1.414,0.743
1_7_1_1,1,7,1,1,4,hit,-13.459,-1.414,0.743
1_7_1_1,1,7,1,1,4,peak,-1.564,-1.768,7.192
1_7_1_1,1,7,1,1,4,net,-0.0,-1.778,7.039
1_7_1_1,1,7,1,1,4,peak,6.683,-1.762,2.619
1_7_1_1,1,7,1,1,5,hit,6.683,-1.762,2.619
1_7_1_1,1,7,1,1,5,net,0.0,-1.856,1.731
1_7_1_1,1,7,1,1,5,bounce,-8.054,-1.983,0.032
1_7_1_1,1,7,1,1,5,peak,-15.069,-2.123,1.319
1_7_1_1,1,7,1,1,6,hit,-16.43,-2.143,1.262
1_7_1_1,1,7,1,1,6,peak,-5.406,0.274,3.688
1_7_1_1,1,7,1,1,6,net,-0.0,1.529,2.879
1_7_1_1,1,7,1,1,6,bounce,5.642,2.931,0.034
1_7_1_1,1,7,1,1,6,peak,7.278,3.435,1.525
1_7_1_1,1,7,1,1,7,hit,7.362,3.462,1.521
1_7_1_1,1,7,1,1,8,hit,7.362,3.462,1.521
1_7_1_1,1,7,1,1,8,net,0.0,0.526,0.988
1_7_1_1,1,7,1,1,8,bounce,-5.497,-1.576,0.033
1_7_1_1,1,7,1,1,8,peak,-10.336,-3.509,0.819
1_7_1_1,1,7,1,1,9,hit,-13.983,-4.978,0.262
1_7_1_1,1,7,1,1,9,peak,-1.742,-4.029,1.87
1_7_1_1,1,7,1,1,9,net,-0.0,-3.893,1.832
1_7_2_1,1,7,2,1,1,hit,-15.06,1.03,1.136
1_7_2_2,1,7,2,2,1,hit,-12.827,1.473,1.329
1_7_2_2,1,7,2,2,1,peak,-4.214,0.058,1.864
1_7_2_2,1,7,2,2,1,net,0.0,-0.68,1.714
1_7_2_2,1,7,2,2,1,bounce,9.69,-2.49,0.032
1_7_2_2,1,7,2,2,1,peak,13.295,-3.079,0.979
1_7_2_2,1,7,2,2,2,hit,13.295,-3.079,0.979
1_7_2_2,1,7,2,2,2,peak,4.336,-1.007,1.631
1_7_2_2,1,7,2,2,2,net,0.0,0.037,1.44
1_7_2_2,1,7,2,2,2,bounce,-7.461,1.885,0.032
1_7_2_2,1,7,2,2,2,peak,-11.407,2.986,0.89
1_7_2_2,1,7,2,2,3,hit,-12.702,3.365,0.78
1_7_2_2,1,7,2,2,3,peak,-3.146,0.189,1.918
1_7_2_2,1,7,2,2,3,net,-0.0,-0.862,1.772
1_7_2_2,1,7,2,2,3,bounce,7.663,-3.411,0.032
1_7_2_2,1,7,2,2,3,peak,12.002,-4.887,1.208
1_7_2_2,1,7,2,2,4,hit,8.22,-3.465,1.281
1_7_2_2,1,7,2,2,4,net,0.013,-0.454,0.775
1_7_2_2,1,7,2,2,4,peak,0.067,-0.338,0.795
1_7_2_2,1,7,2,2,4,bounce,0.978,0.289,0.033
1_7_2_2,1,7,2,2,4,last,1.462,0.645,0.552
1_7_3_1,1,7,3,1,1,hit,11.272,1.312,2.738
1_7_3_1,1,7,3,1,1,peak,11.272,1.312,2.738
1_7_3_1,1,7,3,1,1,net,0.0,0.243,1.184
1_7_3_1,1,7,3,1,1,bounce,-6.013,-0.362,0.031
1_7_4_1,1,7,4,1,1,hit,-10.283,1.533,1.151
1_7_4_2,1,7,4,2,1,hit,11.51,-1.206,2.839
1_7_4_2,1,7,4,2,1,net,0.0,1.952,1.256
1_7_4_2,1,7,4,2,1,bounce,-4.475,2.798,0.029
1_7_4_2,1,7,4,2,1,peak,-10.548,3.945,1.424
1_7_4_2,1,7,4,2,2,hit,-11.714,4.119,1.363
1_7_4_2,1,7,4,2,2,peak,-5.259,3.433,1.603
1_7_4_2,1,7,4,2,2,net,0.0,2.966,1.414
1_7_4_2,1,7,4,2,2,bounce,8.926,2.328,0.031
1_7_4_2,1,7,4,2,2,peak,13.612,2.056,0.777
1_7_4_2,1,7,4,2,3,hit,13.612,2.056,0.777
1_7_4_2,1,7,4,2,3,peak,4.763,1.08,1.366
1_7_4_2,1,7,4,2,3,net,0.0,0.455,1.147
1_7_4_2,1,7,4,2,3,bounce,-6.315,-0.443,0.032
1_7_4_2,1,7,4,2,3,peak,-10.625,-1.145,0.81
1_7_4_2,1,7,4,2,4,hit,-11.801,-1.346,0.742
1_7_4_2,1,7,4,2,4,peak,-3.664,0.293,1.406
1_7_4_2,1,7,4,2,4,net,-0.0,1.063,1.253
1_7_4_2,1,7,4,2,4,bounce,6.984,2.576,0.034
1_7_4_2,1,7,4,2,4,peak,12.061,3.7,0.93
1_7_4_2,1,7,4,2,5,hit,13.561,4.036,0.843
1_7_4_2,1,7,4,2,5,peak,2.697,0.377,1.844
1_7_4_2,1,7,4,2,5,net,0.0,-0.568,1.762
1_7_4_2,1,7,4,2,5,bounce,-8.87,-3.743,0.033
1_7_4_2,1,7,4,2,5,peak,-12.429,-5.132,1.145
1_7_4_2,1,7,4,2,6,hit,-12.429,-5.132,1.145
1_7_4_2,1,7,4,2,6,peak,-2.999,-1.007,2.044
1_7_4_2,1,7,4,2,6,net,0.0,0.282,1.938
1_7_4_2,1,7,4,2,6,bounce,9.378,4.267,0.031
1_7_5_1,1,7,5,1,1,hit,11.332,1.272,2.763
1_7_5_1,1,7,5,1,1,net,0.0,-0.467,1.107
1_7_5_1,1,7,5,1,1,bounce,-5.242,-1.301,0.032
1_7_5_1,1,7,5,1,1,peak,-13.189,-2.499,1.112
1_7_5_1,1,7,5,1,2,hit,-14.272,-2.662,1.088
1_7_5_1,1,7,5,1,2,peak,-2.757,-2.545,2.863
1_7_5_1,1,7,5,1,2,net,0.0,-2.521,2.741
1_7_5_1,1,7,5,1,2,bounce,9.768,-2.46,0.032
1_7_5_1,1,7,5,1,2,peak,12.603,-2.462,1.574
1_7_5_1,1,7,5,1,3,hit,12.603,-2.462,1.574
1_7_5_1,1,7,5,1,3,peak,8.385,-1.726,1.675
1_7_5_1,1,7,5,1,3,net,0.0,-0.273,1.179
1_7_5_1,1,7,5,1,3,bounce,-6.113,0.779,0.031
1_7_5_1,1,7,5,1,3,peak,-11.172,1.715,0.893
1_7_5_1,1,7,5,1,4,hit,-13.119,2.081,0.743
1_7_5_1,1,7,5,1,4,peak,-1.425,2.399,1.712
1_7_5_1,1,7,5,1,4,net,0.0,2.448,1.695
1_7_5_1,1,7,5,1,4,bounce,11.478,2.968,0.034
1_7_5_1,1,7,5,1,4,peak,14.356,3.049,0.82
1_7_5_1,1,7,5,1,5,hit,14.356,3.049,0.82
1_7_5_1,1,7,5,1,5,peak,5.869,1.527,1.506
1_7_5_1,1,7,5,1,5,net,0.0,0.509,1.092
1_7_5_1,1,7,5,1,5,bounce,-4.827,-0.297,0.032
1_7_5_1,1,7,5,1,5,peak,-8.941,-1.005,0.896
1_7_5_1,1,7,5,1,6,hit,-10.265,-1.242,0.79
1_7_5_1,1,7,5,1,6,peak,-2.757,-1.838,1.292
1_7_5_1,1,7,5,1,6,net,0.0,-2.057,1.215
1_7_5_1,1,7,5,1,6,bounce,7.87,-2.734,0.032
1_7_5_1,1,7,5,1,6,peak,13.034,-3.126,0.909
1_7_5_1,1,7,5,1,7,hit,15.035,-3.27,0.761
1_7_5_1,1,7,5,1,7,peak,0.906,-3.185,2.299
1_7_5_1,1,7,5,1,7,net,0.0,-3.18,2.291
1_7_5_1,1,7,5,1,7,bounce,-12.223,-3.099,0.032
1_7_6_1,1,7,6,1,1,hit,11.27,-0.836,2.71
1_7_6_1,1,7,6,1,1,peak,11.27,-0.836,2.71
1_7_6_1,1,7,6,1,1,net,-0.0,0.495,0.98
1_7_6_1,1,7,6,1,1,bounce,-4.602,1.019,0.033
1_7_6_1,1,7,6,1,1,peak,-12.955,1.925,1.175
1_7_6_1,1,7,6,1,2,hit,-14.158,2.042,1.146
1_7_6_1,1,7,6,1,2,peak,-4.625,0.715,1.954
1_7_6_1,1,7,6,1,2,net,-0.0,0.05,1.727
1_7_6_1,1,7,6,1,2,bounce,8.219,-1.189,0.033
1_7_6_1,1,7,6,1,2,peak,12.183,-1.702,1.152
1_7_6_1,1,7,6,1,3,hit,12.183,-1.702,1.152
1_7_6_1,1,7,6,1,3,peak,3.725,-1.094,1.612
1_7_6_1,1,7,6,1,3,net,0.0,-0.797,1.503
1_7_6_1,1,7,6,1,3,bounce,-9.28,-0.005,0.035
1_7_6_1,1,7,6,1,3,peak,-13.923,0.524,0.926
1_7_6_1,1,7,6,1,4,hit,-14.541,0.59,0.907
1_7_6_1,1,7,6,1,4,peak,-2.201,-0.736,2.233
1_7_6_1,1,7,6,1,4,net,-0.0,-0.969,2.183
1_7_6_1,1,7,6,1,4,bounce,11.366,-2.13,0.031
1_7_6_1,1,7,6,1,4,peak,13.898,-2.281,1.023
1_7_6_1,1,7,6,1,5,hit,13.898,-2.281,1.023
1_7_6_1,1,7,6,1,5,peak,3.152,-1.104,1.88
1_7_6_1,1,7,6,1,5,net,0.0,-0.752,1.785
1_7_6_1,1,7,6,1,5,bounce,-9.525,0.299,0.032
1_7_6_1,1,7,6,1,5,peak,-13.393,0.737,0.921
1_7_6_1,1,7,6,1,6,hit,-13.686,0.771,0.916
1_7_6_1,1,7,6,1,6,peak,-2.623,1.71,1.938
1_7_6_1,1,7,6,1,6,net,-0.0,1.954,1.868
1_7_6_1,1,7,6,1,6,bounce,10.117,2.999,0.03
1_7_6_1,1,7,6,1,6,peak,14.922,3.514,1.211
1_7_6_1,1,7,6,1,7,hit,14.922,3.514,1.211
1_7_6_1,1,7,6,1,7,peak,1.5,0.255,2.443
1_7_6_1,1,7,6,1,7,net,0.0,-0.099,2.423
1_7_6_1,1,7,6,1,7,bounce,-12.858,-3.139,0.032
1_7_7_1,1,7,7,1,,bounce,-4.653,-4.297,0.034
1_7_7_2,1,7,7,2,1,hit,-11.918,-5.48,1.135
1_7_7_2,1,7,7,2,1,peak,-2.186,-4.495,1.894
1_7_7_2,1,7,7,2,1,net,0.0,-4.318,1.849
1_7_7_2,1,7,7,2,1,bounce,10.969,-3.769,0.032
1_7_8_1,1,7,8,1,,bounce,-6.496,2.674,0.032
1_7_8_1,1,7,8,1,,last,-14.121,4.03,1.064
1_7_8_2,1,7,8,2,1,hit,11.364,-0.89,2.735
1_7_8_2,1,7,8,2,1,net,-0.0,0.395,1.046
1_7_8_2,1,7,8,2,1,bounce,-4.458,0.705,0.033
1_7_8_2,1,7,8,2,1,peak,-11.785,1.078,1.154
1_7_8_2,1,7,8,2,2,hit,-12.554,1.097,1.14
1_7_8_2,1,7,8,2,2,peak,-6.806,0.116,1.399
1_7_8_2,1,7,8,2,2,net,-0.0,-1.06,0.986
1_7_8_2,1,7,8,2,2,bounce,5.312,-1.976,0.032
1_7_8_2,1,7,8,2,2,peak,10.516,-2.8,0.846
1_7_8_2,1,7,8,2,3,hit,12.153,-3.066,0.754
1_7_8_2,1,7,8,2,3,peak,1.915,-1.721,1.457
1_7_8_2,1,7,8,2,3,net,0.0,-1.483,1.427
1_7_8_2,1,7,8,2,3,bounce,-10.067,-0.25,0.033
1_7_8_2,1,7,8,2,3,peak,-13.972,0.325,0.775
1_7_8_2,1,7,8,2,4,hit,-13.972,0.325,0.775
1_7_8_2,1,7,8,2,4,peak,-2.478,-0.458,2.265
1_7_8_2,1,7,8,2,4,net,-0.0,-0.596,2.185
1_7_8_2,1,7,8,2,4,bounce,9.89,-1.018,0.032
1_7_8_2,1,7,8,2,4,peak,13.242,-1.128,1.221
1_7_8_2,1,7,8,2,5,hit,13.242,-1.128,1.221
1_7_8_2,1,7,8,2,5,peak,4.758,-2.13,1.59
1_7_8_2,1,7,8,2,5,net,0.0,-2.723,1.444
1_7_8_2,1,7,8,2,5,bounce,-9.448,-3.996,0.033
1_7_9_1,1,7,9,1,1,hit,11.265,1.186,2.727
1_7_9_1,1,7,9,1,1,net,-0.0,-1.802,1.096
1_7_9_1,1,7,9,1,1,bounce,-4.649,-3.192,0.034
1_7_9_1,1,7,9,1,1,peak,-11.992,-5.636,1.323
1_7_9_1,1,7,9,1,2,hit,-13.504,-6.196,1.256
1_7_9_1,1,7,9,1,2,peak,-6.303,-3.554,1.665
1_7_9_1,1,7,9,1,2,net,0.0,-1.323,1.296
1_7_9_1,1,7,9,1,2,bounce,6.424,0.875,0.033
1_7_9_1,1,7,9,1,2,peak,11.367,2.609,0.959
1_7_9_1,1,7,9,1,3,hit,11.367,2.609,0.959
1_7_9_1,1,7,9,1,3,peak,2.557,2.055,1.465
1_7_9_1,1,7,9,1,3,net,0.0,1.906,1.413
1_7_9_1,1,7,9,1,3,bounce,-9.667,1.45,0.033
1_7_9_1,1,7,9,1,3,peak,-14.159,1.113,0.794
1_7_9_1,1,7,9,1,4,hit,-14.595,1.079,0.786
1_7_9_1,1,7,9,1,4,peak,-4.962,1.021,1.559
1_7_9_1,1,7,9,1,4,net,0.0,0.959,1.327
1_7_9_1,1,7,9,1,5,hit,5.182,0.879,0.573
1_7_9_1,1,7,9,1,5,net,0.0,1.675,1.736
1_7_9_1,1,7,9,1,5,peak,-0.296,1.725,1.74
1_7_9_1,1,7,9,1,5,bounce,-5.787,2.787,0.032
1_7_9_1,1,7,9,1,5,peak,-6.663,3.2,0.875
1_7_9_1,1,7,9,1,6,hit,-7.084,3.41,0.639
1_7_9_1,1,7,9,1,6,net,0.0,2.759,1.525
1_7_9_1,1,7,9,1,6,peak,1.149,2.657,1.544
1_7_9_1,1,7,9,1,6,bounce,10.723,1.844,0.032
1_7_10_1,1,7,10,1,1,hit,11.376,-0.755,2.715
1_7_10_1,1,7,10,1,1,peak,11.376,-0.755,2.715
1_7_10_1,1,7,10,1,1,net,0.0,2.074,1.209
1_7_10_1,1,7,10,1,1,bounce,-6.056,3.606,0.03
1_7_10_1,1,7,10,1,1,peak,-13.398,5.425,1.037
1_7_10_1,1,7,10,1,2,hit,-14.176,5.616,1.023
1_7_10_1,1,7,10,1,2,peak,-5.197,2.2,2.158
1_7_10_1,1,7,10,1,2,net,0.0,0.252,1.705
1_7_10_1,1,7,10,1,2,bounce,5.707,-1.873,0.033
1_7_10_1,1,7,10,1,2,peak,8.879,-3.166,1.149
1_7_10_1,1,7,10,1,3,hit,8.879,-3.166,1.149
1_7_10_1,1,7,10,1,3,peak,2.429,-2.967,1.441
1_7_10_1,1,7,10,1,3,net,0.0,-2.917,1.393
1_7_10_1,1,7,10,1,3,bounce,-9.636,-2.874,0.033
1_7_11_2,1,7,11,2,1,hit,-11.671,-5.059,1.085
1_7_12_1,1,7,12,1,1,hit,11.274,-0.832,2.692
1_7_12_1,1,7,12,1,1,net,0.0,-0.115,1.003
1_7_12_1,1,7,12,1,1,bounce,-4.541,0.089,0.033
1_7_12_1,1,7,12,1,1,peak,-12.479,0.36,1.116
1_7_12_1,1,7,12,1,2,hit,-15.205,0.396,0.953
1_7_12_1,1,7,12,1,2,peak,-5.37,0.182,1.879
1_7_12_1,1,7,12,1,2,net,0.0,0.078,1.543
1_7_12_1,1,7,12,1,2,bounce,6.692,-0.037,0.035
1_7_12_1,1,7,12,1,2,peak,11.288,0.006,1.08
1_7_12_1,1,7,12,1,3,hit,11.438,0.008,1.079
1_7_12_1,1,7,12,1,3,peak,2.343,1.669,1.622
1_7_12_1,1,7,12,1,3,net,0.0,2.127,1.578
1_7_12_1,1,7,12,1,3,bounce,-10.512,4.389,0.032
2_1_1_1,2,1,1,1,1,hit,11.44,1.451,2.626
2_1_1_1,2,1,1,1,1,net,0.0,-1.473,1.294
2_1_1_1,2,1,1,1,1,bounce,-5.846,-3.248,0.035
2_1_1_1,2,1,1,1,1,peak,-11.624,-5.251,1.118
2_1_1_1,2,1,1,1,2,hit,-11.624,-5.251,1.118
2_1_1_1,2,1,1,1,2,peak,-2.391,-2.48,1.914
2_1_1_1,2,1,1,1,2,net,0.0,-1.794,1.854
2_1_1_1,2,1,1,1,2,bounce,10.371,0.987,0.031
2_1_1_1,2,1,1,1,2,peak,13.697,1.896,0.962
2_1_1_1,2,1,1,1,3,hit,13.697,1.896,0.962
2_1_1_1,2,1,1,1,3,peak,6.125,2.978,1.665
2_1_1_1,2,1,1,1,3,net,-0.0,4.084,1.066
2_1_1_1,2,1,1,1,3,bounce,-3.618,4.869,0.034
2_1_1_1,2,1,1,1,3,last,-7.202,5.413,0.985
2_1_2_1,2,1,2,1,1,hit,11.502,-1.16,2.622
2_1_2_1,2,1,2,1,1,net,0.0,0.307,1.113
2_1_2_1,2,1,2,1,1,bounce,-5.256,0.799,0.032
2_1_2_1,2,1,2,1,1,peak,-12.636,1.203,1.141
2_1_2_1,2,1,2,1,2,hit,-12.636,1.203,1.141
2_1_2_1,2,1,2,1,2,peak,-7.126,0.688,1.273
2_1_2_1,2,1,2,1,2,net,-0.0,-0.064,1.015
2_1_2_1,2,1,2,1,2,bounce,7.735,-0.96,0.034
2_1_2_1,2,1,2,1,2,peak,12.903,-1.613,0.585
2_1_2_1,2,1,2,1,3,hit,12.903,-1.613,0.585
2_1_2_1,2,1,2,1,3,peak,2.998,-2.47,1.605
2_1_2_1,2,1,2,1,3,net,0.0,-2.768,1.49
2_1_2_1,2,1,2,1,3,bounce,-7.431,-3.587,0.034
2_1_2_1,2,1,2,1,3,peak,-11.003,-3.844,0.828
2_1_2_1,2,1,2,1,4,hit,-13.046,-3.994,0.516
2_1_2_1,2,1,2,1,4,peak,-2.096,-0.287,2.059
2_1_2_1,2,1,2,1,4,net,0.0,0.441,1.993
2_1_2_1,2,1,2,1,4,bounce,8.929,3.662,0.031
2_1_2_1,2,1,2,1,4,peak,13.074,5.005,1.354
2_1_2_1,2,1,2,1,5,hit,13.074,5.005,1.354
2_1_2_1,2,1,2,1,5,peak,6.209,4.189,1.616
2_1_2_1,2,1,2,1,5,net,0.0,3.49,1.351
2_1_2_1,2,1,2,1,5,bounce,-7.96,2.719,0.032
2_1_2_1,2,1,2,1,5,peak,-12.405,2.317,0.74
2_1_2_1,2,1,2,1,6,hit,-13.829,2.205,0.656
2_1_2_1,2,1,2,1,6,peak,-3.587,0.077,2.01
2_1_2_1,2,1,2,1,6,net,-0.0,-0.747,1.817
2_1_2_1,2,1,2,1,6,bounce,7.471,-2.561,0.031
2_1_2_1,2,1,2,1,6,peak,12.116,-3.55,1.284
2_1_2_1,2,1,2,1,7,hit,12.711,-3.68,1.262
2_1_2_1,2,1,2,1,7,peak,5.59,-1.918,1.582
2_1_2_1,2,1,2,1,7,net,0.0,-0.585,1.344
2_1_2_1,2,1,2,1,7,bounce,-7.929,1.271,0.032
2_1_2_1,2,1,2,1,7,peak,-12.558,2.476,0.753
2_1_2_1,2,1,2,1,8,hit,-13.321,2.674,0.73
2_1_2_1,2,1,2,1,8,peak,-5.005,2.69,1.184
2_1_2_1,2,1,2,1,8,net,0.023,2.759,1.003
2_1_2_1,2,1,2,1,8,peak,4.389,2.64,1.563
2_1_2_1,2,1,2,1,8,bounce,10.923,2.522,0.033
2_1_2_1,2,1,2,1,8,peak,14.828,2.457,1.003
2_1_2_1,2,1,2,1,9,hit,14.828,2.457,1.003
2_1_2_1,2,1,2,1,9,peak,3.31,0.141,4.742
2_1_2_1,2,1,2,1,9,net,-0.0,-0.623,4.316
2_1_2_1,2,1,2,1,9,bounce,-6.608,-2.326,0.032
2_1_2_1,2,1,2,1,9,peak,-10.109,-3.372,2.374
2_1_2_1,2,1,2,1,10,hit,-10.537,-3.829,1.551
2_1_2_1,2,1,2,1,10,net,0.097,-3.1,0.909
2_1_2_1,2,1,2,1,10,peak,0.097,-3.1,0.909
2_1_2_1,2,1,2,1,10,bounce,-0.152,-3.172,0.035
2_1_2_1,2,1,2,1,10,last,-0.906,-3.144,0.91
2_1_3_1,2,1,3,1,1,hit,11.34,1.536,2.614
2_1_3_1,2,1,3,1,1,net,-0.0,-0.052,1.096
2_1_3_1,2,1,3,1,1,bounce,-5.127,-0.865,0.032
2_1_3_1,2,1,3,1,1,peak,-12.199,-2.16,1.045
2_1_3_1,2,1,3,1,2,hit,-12.199,-2.16,1.045
2_1_3_1,2,1,3,1,2,peak,-4.874,-1.227,1.38
2_1_3_1,2,1,3,1,2,net,0.0,-0.61,1.21
2_1_3_1,2,1,3,1,2,bounce,8.228,0.408,0.033
2_1_3_1,2,1,3,1,2,peak,12.76,0.92,0.776
2_1_3_1,2,1,3,1,3,hit,12.76,0.92,0.776
2_1_3_1,2,1,3,1,3,peak,3.76,0.236,1.783
2_1_3_1,2,1,3,1,3,net,0.0,-0.046,1.563
2_1_3_1,2,1,3,1,3,bounce,-6.264,-0.53,0.032
2_1_3_1,2,1,3,1,3,peak,-9.864,-0.907,1.045
2_1_3_1,2,1,3,1,4,hit,-11.282,-1.048,0.851
2_1_3_1,2,1,3,1,4,peak,-3.946,-1.52,1.242
2_1_3_1,2,1,3,1,4,net,0.0,-1.784,1.116
2_1_3_1,2,1,3,1,4,bounce,7.819,-2.328,0.031
2_1_3_1,2,1,3,1,4,peak,13.855,-2.74,0.865
2_1_3_1,2,1,3,1,5,hit,15.531,-2.866,0.793
2_1_3_1,2,1,3,1,5,peak,2.608,-4.442,2.181
2_1_3_1,2,1,3,1,5,net,0.0,-4.789,2.105
2_1_3_1,2,1,3,1,5,bounce,-9.999,-4.615,0.032
2_1_3_1,2,1,3,1,5,last,-13.32,-6.43,0.987
2_1_4_1,2,1,4,1,1,hit,11.611,-1.401,2.64
2_1_4_1,2,1,4,1,1,peak,11.611,-1.401,2.64
2_1_4_1,2,1,4,1,1,net,0.0,1.964,1.214
2_1_4_1,2,1,4,1,1,bounce,-5.835,3.479,0.031
2_1_4_1,2,1,4,1,1,peak,-11.981,4.928,0.977
2_1_4_1,2,1,4,1,2,hit,-11.981,4.928,0.977
2_1_4_1,2,1,4,1,2,peak,-0.509,3.88,1.87
2_1_4_1,2,1,4,1,2,net,-0.0,3.837,1.868
2_1_4_1,2,1,4,1,2,bounce,12.885,2.851,0.034
2_1_5_1,2,1,5,1,,bounce,-5.606,0.228,0.031
2_1_5_2,2,1,5,2,1,hit,11.441,1.676,2.625
2_1_5_2,2,1,5,2,1,net,0.0,-0.552,1.669
2_1_5_2,2,1,5,2,1,bounce,-7.06,-2.678,0.033
2_1_5_2,2,1,5,2,1,last,-11.581,-4.482,1.124
2_1_6_1,2,1,6,1,1,hit,11.45,-1.185,2.598
2_1_6_1,2,1,6,1,1,net,0.0,-0.018,1.173
2_1_6_1,2,1,6,1,1,bounce,-5.798,0.364,0.031
2_1_6_1,2,1,6,1,1,peak,-12.761,0.578,1.062
2_1_6_1,2,1,6,1,2,hit,-12.761,0.578,1.062
2_1_6_1,2,1,6,1,2,peak,-5.38,1.039,1.421
2_1_6_1,2,1,6,1,2,net,-0.0,1.389,1.201
2_1_6_1,2,1,6,1,2,bounce,7.572,1.911,0.033
2_1_6_1,2,1,6,1,2,peak,12.72,2.293,0.77
2_1_6_1,2,1,6,1,3,hit,13.352,2.339,0.757
2_1_6_1,2,1,6,1,3,peak,2.236,2.484,2.241
2_1_6_1,2,1,6,1,3,net,0.0,2.514,2.165
2_1_6_1,2,1,6,1,3,bounce,-8.8,2.61,0.033
2_1_6_1,2,1,6,1,3,peak,-12.349,2.619,1.174
2_1_6_1,2,1,6,1,4,hit,-12.77,2.617,1.156
2_1_6_1,2,1,6,1,4,peak,-6.27,0.848,1.41
2_1_6_1,2,1,6,1,4,net,-0.0,-0.848,1.139
2_1_6_1,2,1,6,1,4,bounce,7.416,-2.844,0.03
2_1_6_1,2,1,6,1,4,peak,12.755,-4.267,0.717
2_1_6_1,2,1,6,1,5,hit,15.118,-4.899,0.565
2_1_6_1,2,1,6,1,5,peak,1.678,-2.197,3.622
2_1_6_1,2,1,6,1,5,net,-0.0,-1.853,3.549
2_1_6_1,2,1,6,1,5,peak,-4.648,-0.867,2.433
2_1_6_1,2,1,6,1,6,hit,-4.648,-0.867,2.433
2_1_6_1,2,1,6,1,6,net,0.0,-1.165,1.303
2_1_6_1,2,1,6,1,6,bounce,4.245,-1.425,0.035
2_2_1_1,2,2,1,1,1,hit,-15.009,-1.612,1.147
2_2_1_2,2,2,1,2,1,hit,11.534,1.211,2.819
2_2_1_2,2,2,1,2,1,peak,11.534,1.211,2.819
2_2_1_2,2,2,1,2,1,net,0.0,-1.219,1.271
2_2_1_2,2,2,1,2,1,bounce,-5.075,-2.575,0.032
2_2_1_2,2,2,1,2,1,peak,-11.653,-4.551,1.252
2_2_1_2,2,2,1,2,2,hit,-12.341,-4.777,1.236
2_2_1_2,2,2,1,2,2,peak,-4.763,-4.148,1.609
2_2_1_2,2,2,1,2,2,net,0.0,-3.817,1.435
2_2_1_2,2,2,1,2,2,bounce,8.761,-3.365,0.032
2_2_1_2,2,2,1,2,2,peak,14.095,-3.142,0.904
2_2_1_2,2,2,1,2,3,hit,14.095,-3.142,0.904
2_2_1_2,2,2,1,2,3,peak,3.949,-1.822,1.879
2_2_1_2,2,2,1,2,3,net,0.0,-1.14,1.663
2_2_1_2,2,2,1,2,3,bounce,-6.594,0.273,0.031
2_2_1_2,2,2,1,2,3,peak,-9.229,1.147,0.75
2_2_1_2,2,2,1,2,4,hit,-9.668,1.302,0.728
2_2_1_2,2,2,1,2,4,peak,-2.496,-0.428,1.177
2_2_1_2,2,2,1,2,4,net,0.0,-1.034,1.115
2_2_1_2,2,2,1,2,4,bounce,7.721,-2.927,0.032
2_2_1_2,2,2,1,2,4,peak,12.654,-4.088,0.758
2_2_1_2,2,2,1,2,5,hit,14.832,-4.597,0.595
2_2_1_2,2,2,1,2,5,peak,1.518,-2.669,2.154
2_2_1_2,2,2,1,2,5,net,0.0,-2.418,2.125
2_2_1_2,2,2,1,2,5,bounce,-9.863,-0.598,0.033
2_2_1_2,2,2,1,2,5,peak,-12.094,-0.084,0.797
2_2_1_2,2,2,1,2,6,hit,-12.094,-0.084,0.797
2_2_1_2,2,2,1,2,6,peak,-2.476,0.844,1.556
2_2_1_2,2,2,1,2,6,net,0.0,1.094,1.497
2_2_1_2,2,2,1,2,6,bounce,9.474,2.068,0.03
2_2_1_2,2,2,1,2,6,peak,14.667,2.656,0.98
2_2_1_2,2,2,1,2,7,hit,14.667,2.656,0.98
2_2_1_2,2,2,1,2,7,peak,4.579,0.688,1.885
2_2_1_2,2,2,1,2,7,net,-0.0,-0.204,1.652
2_2_1_2,2,2,1,2,7,bounce,-7.666,-1.681,0.033
2_2_1_2,2,2,1,2,7,peak,-12.204,-2.554,1.05
2_2_1_2,2,2,1,2,8,hit,-12.955,-2.693,1.018
2_2_1_2,2,2,1,2,8,peak,-6.175,-1.179,1.369
2_2_1_2,2,2,1,2,8,net,0.0,0.204,1.033
2_2_1_2,2,2,1,2,8,bounce,5.804,1.497,0.033
2_2_1_2,2,2,1,2,8,peak,11.336,2.785,0.906
2_2_1_2,2,2,1,2,9,hit,13.808,3.338,0.705
2_2_1_2,2,2,1,2,9,peak,3.96,1.11,1.36
2_2_1_2,2,2,1,2,9,net,0.0,0.229,1.228
2_2_1_2,2,2,1,2,9,bounce,-7.809,-1.513,0.032
2_2_1_2,2,2,1,2,9,peak,-12.315,-2.579,0.739
2_2_1_2,2,2,1,2,10,hit,-12.412,-2.603,0.738
2_2_1_2,2,2,1,2,10,peak,-1.612,-2.57,1.915
2_2_1_2,2,2,1,2,10,net,0.0,-2.572,1.884
2_2_1_2,2,2,1,2,10,bounce,10.338,-2.662,0.032
2_2_1_2,2,2,1,2,10,peak,14.399,-2.557,1.229
2_2_1_2,2,2,1,2,11,hit,14.399,-2.557,1.229
2_2_1_2,2,2,1,2,11,peak,7.909,-2.807,1.428
2_2_1_2,2,2,1,2,11,net,0.0,-3.122,1.049
2_2_1_2,2,2,1,2,11,bounce,-6.407,-3.363,0.035
2_2_1_2,2,2,1,2,11,peak,-11.482,-3.489,0.688
2_2_1_2,2,2,1,2,12,hit,-6.171,-2.124,0.977
2_2_1_2,2,2,1,2,12,net,-0.0,-0.908,0.61
2_2_1_2,2,2,1,2,12,peak,0.003,-0.916,0.614
2_2_1_2,2,2,1,2,12,bounce,-0.644,-1.07,0.034
2_2_1_2,2,2,1,2,12,last,-1.075,-1.14,0.404
2_2_2_1,2,2,2,1,1,hit,11.244,-0.803,2.703
2_2_2_1,2,2,2,1,1,net,0.0,1.74,1.146
2_2_2_1,2,2,2,1,1,bounce,-5.913,3.042,0.032
2_2_2_1,2,2,2,1,1,peak,-13.528,4.698,0.937
2_2_2_1,2,2,2,1,2,hit,-13.528,4.698,0.937
2_2_2_1,2,2,2,1,2,peak,-4.485,2.204,1.59
2_2_2_1,2,2,2,1,2,net,-0.0,0.983,1.403
2_2_2_1,2,2,2,1,2,bounce,7.939,-1.112,0.034
2_2_2_1,2,2,2,1,2,peak,11.495,-2.077,0.775
2_2_2_1,2,2,2,1,3,hit,11.495,-2.077,0.775
2_2_2_1,2,2,2,1,3,peak,3.366,-1.164,1.444
2_2_2_1,2,2,2,1,3,net,0.0,-0.835,1.307
2_2_2_1,2,2,2,1,3,bounce,-6.907,-0.259,0.032
2_2_2_1,2,2,2,1,3,peak,-11.226,0.231,0.915
2_2_2_1,2,2,2,1,4,hit,-12.921,0.41,0.758
2_2_2_1,2,2,2,1,4,peak,-2.302,1.039,1.671
2_2_2_1,2,2,2,1,4,net,-0.0,1.22,1.62
2_2_2_1,2,2,2,1,4,bounce,9.999,2.194,0.032
2_2_2_1,2,2,2,1,4,peak,14.774,2.722,1.116
2_2_2_1,2,2,2,1,5,hit,14.774,2.722,1.116
2_2_2_1,2,2,2,1,5,peak,5.407,2.153,1.694
2_2_2_1,2,2,2,1,5,net,0.0,1.839,1.449
2_2_2_1,2,2,2,1,5,bounce,-7.743,1.467,0.032
2_2_2_1,2,2,2,1,5,peak,-12.616,1.149,0.959
2_2_2_1,2,2,2,1,6,hit,-13.227,1.11,0.942
2_2_2_1,2,2,2,1,6,peak,-4.006,2.024,1.563
2_2_2_1,2,2,2,1,6,net,-0.0,2.477,1.426
2_2_2_1,2,2,2,1,6,bounce,8.812,3.563,0.031
2_2_2_1,2,2,2,1,6,peak,13.809,4.131,0.873
2_2_2_1,2,2,2,1,7,hit,14.584,4.225,0.851
2_2_2_1,2,2,2,1,7,peak,4.285,2.135,1.737
2_2_2_1,2,2,2,1,7,net,0.0,1.262,1.543
2_2_2_1,2,2,2,1,7,bounce,-7.69,-0.294,0.032
2_2_2_1,2,2,2,1,7,peak,-11.86,-1.167,0.957
2_2_2_1,2,2,2,1,8,hit,-12.527,-1.306,0.93
2_2_2_1,2,2,2,1,8,peak,-4.258,-1.943,1.459
2_2_2_1,2,2,2,1,8,net,-0.0,-2.26,1.296
2_2_2_1,2,2,2,1,8,bounce,7.811,-2.854,0.032
2_2_2_1,2,2,2,1,8,peak,13.244,-3.148,0.954
2_2_2_1,2,2,2,1,9,hit,14.939,-3.24,0.851
2_2_2_1,2,2,2,1,9,peak,2.177,-1.707,2.163
2_2_2_1,2,2,2,1,9,net,-0.0,-1.377,2.108
2_2_2_1,2,2,2,1,9,bounce,-9.677,0.435,0.032
2_2_2_1,2,2,2,1,9,peak,-12.133,1.163,0.846
2_2_2_1,2,2,2,1,10,hit,-12.133,1.163,0.846
2_2_2_1,2,2,2,1,10,peak,-3.812,-0.754,1.468
2_2_2_1,2,2,2,1,10,net,-0.0,-1.612,1.317
2_2_2_1,2,2,2,1,10,bounce,7.444,-3.259,0.032
2_2_2_1,2,2,2,1,10,peak,12.292,-4.309,0.934
2_2_2_1,2,2,2,1,11,hit,15.103,-4.921,0.587
2_2_2_1,2,2,2,1,11,peak,0.648,-1.586,2.767
2_2_2_1,2,2,2,1,11,net,0.0,-1.428,2.76
2_2_2_1,2,2,2,1,12,hit,-7.304,0.424,1.624
2_2_2_1,2,2,2,1,12,peak,-5.914,0.139,1.635
2_2_2_1,2,2,2,1,12,net,-0.0,-1.118,1.408
2_2_2_1,2,2,2,1,12,bounce,8.706,-3.079,0.032
2_2_3_1,2,2,3,1,,bounce,-5.39,-4.187,0.034
2_2_3_2,2,2,3,2,,net,0.0,-1.442,1.243
2_2_3_2,2,2,3,2,,bounce,-5.207,-2.892,0.034
2_2_3_2,2,2,3,2,,peak,-12.293,-5.171,1.29
2_2_3_2,2,2,3,2,,hit,-12.349,-5.192,1.29
2_2_3_2,2,2,3,2,,peak,-3.625,-4.004,1.871
2_2_3_2,2,2,3,2,,net,-0.0,-3.604,1.754
2_2_3_2,2,2,3,2,,bounce,9.927,-2.789,0.032
2_2_3_2,2,2,3,2,,peak,13.209,-2.508,0.959
2_2_3_2,2,2,3,2,,hit,13.209,-2.508,0.959
2_2_3_2,2,2,3,2,,peak,4.034,-0.447,2.147
2_2_3_2,2,2,3,2,,net,0.0,0.541,1.85
2_2_3_2,2,2,3,2,,bounce,-6.119,2.172,0.032
2_2_3_2,2,2,3,2,,peak,-9.139,3.128,1.209
2_2_3_2,2,2,3,2,,hit,-10.195,3.475,1.045
2_2_3_2,2,2,3,2,,peak,-3.995,1.537,1.35
2_2_3_2,2,2,3,2,,net,0.0,0.286,1.204
2_2_3_2,2,2,3,2,,bounce,7.472,-2.031,0.032
2_2_3_2,2,2,3,2,,peak,13.149,-3.889,0.962
2_2_3_2,2,2,3,2,,hit,13.192,-3.903,0.962
2_2_3_2,2,2,3,2,,peak,1.888,-3.907,1.956
2_2_3_2,2,2,3,2,,net,-0.0,-3.953,1.921
2_2_3_2,2,2,3,2,,bounce,-11.01,-4.511,0.033
2_2_4_2,2,2,4,2,1,hit,-13.506,0.558,1.208
2_2_4_2,2,2,4,2,1,peak,-4.217,-0.579,2.044
2_2_4_2,2,2,4,2,1,net,-0.0,-1.107,1.841
2_2_4_2,2,2,4,2,1,bounce,8.42,-2.179,0.032
2_2_4_2,2,2,4,2,1,peak,12.78,-2.542,1.242
2_2_4_2,2,2,4,2,2,hit,12.78,-2.542,1.242
2_2_4_2,2,2,4,2,2,peak,5.579,-1.155,1.573
2_2_4_2,2,2,4,2,2,net,0.0,-0.051,1.329
2_2_4_2,2,2,4,2,2,bounce,-7.585,1.444,0.032
2_2_4_2,2,2,4,2,2,peak,-12.17,2.303,0.765
2_2_4_2,2,2,4,2,3,hit,-14.094,2.654,0.614
2_2_4_2,2,2,4,2,3,peak,-2.474,0.954,1.808
2_2_4_2,2,2,4,2,3,net,0.0,0.593,1.745
2_2_4_2,2,2,4,2,3,bounce,9.871,-0.819,0.033
2_2_4_2,2,2,4,2,3,peak,13.539,-1.421,1.005
2_2_4_2,2,2,4,2,4,hit,13.539,-1.421,1.005
2_2_4_2,2,2,4,2,4,peak,2.436,-0.173,1.782
2_2_4_2,2,2,4,2,4,net,0.0,0.093,1.736
2_2_4_2,2,2,4,2,4,bounce,-11.132,1.268,0.032
2_2_4_2,2,2,4,2,4,peak,-15.659,1.802,0.834
2_2_4_2,2,2,4,2,5,hit,-15.659,1.802,0.834
2_2_4_2,2,2,4,2,5,peak,-6.296,2.064,1.561
2_2_4_2,2,2,4,2,5,net,-0.0,2.284,1.168
2_2_4_2,2,2,4,2,5,bounce,5.747,2.504,0.034
2_2_4_2,2,2,4,2,5,peak,11.008,2.556,1.006
2_2_4_2,2,2,4,2,6,hit,6.263,1.01,1.185
2_2_4_2,2,2,4,2,6,net,-0.061,-0.588,0.852
2_2_4_2,2,2,4,2,6,peak,-0.061,-0.588,0.852
2_2_4_2,2,2,4,2,6,bounce,0.283,-0.864,0.035
2_2_4_2,2,2,4,2,6,last,1.017,-1.095,0.73
2_2_5_1,2,2,5,1,1,hit,11.227,1.247,2.703
2_2_5_1,2,2,5,1,1,peak,11.227,1.247,2.703
2_2_5_1,2,2,5,1,1,net,0.0,0.208,1.11
2_2_5_1,2,2,5,1,1,bounce,-5.78,-0.375,0.031
2_2_5_1,2,2,5,1,1,peak,-13.691,-1.169,0.995
2_2_5_1,2,2,5,1,2,hit,-15.408,-1.347,0.941
2_2_5_1,2,2,5,1,2,peak,-3.392,-0.841,3.106
2_2_5_1,2,2,5,1,2,net,-0.0,-0.749,2.891
2_2_5_1,2,2,5,1,2,bounce,8.805,-0.626,0.035
2_2_5_1,2,2,5,1,2,peak,11.123,-0.743,1.265
2_2_5_1,2,2,5,1,3,hit,9.032,-0.459,1.29
2_2_5_1,2,2,5,1,3,net,-0.004,0.891,0.704
2_2_5_1,2,2,5,1,3,peak,0.204,0.893,0.902
2_2_5_1,2,2,5,1,3,bounce,0.952,0.878,0.033
2_2_5_1,2,2,5,1,3,last,1.225,0.917,0.615
2_3_1_1,2,3,1,1,1,hit,-11.351,-1.45,2.643
2_3_1_1,2,3,1,1,1,net,-0.0,0.406,1.175
2_3_1_1,2,3,1,1,1,bounce,5.854,1.594,0.033
2_3_1_1,2,3,1,1,1,peak,12.281,3.156,1.02
2_3_1_1,2,3,1,1,2,hit,12.281,3.156,1.02
2_3_1_1,2,3,1,1,2,net,0.0,1.169,2.274
2_3_1_1,2,3,1,1,2,peak,-0.068,1.157,2.274
2_3_1_1,2,3,1,1,2,bounce,-12.885,-1.091,0.031
2_3_2_1,2,3,2,1,,net,-0.0,0.497,1.181
2_3_2_1,2,3,2,1,,bounce,5.713,0.412,0.036
2_3_2_2,2,3,2,2,1,hit,-11.54,1.181,2.66
2_3_2_2,2,3,2,2,1,net,-0.0,-1.001,1.502
2_3_2_2,2,3,2,2,1,bounce,6.234,-1.669,0.033
2_3_2_2,2,3,2,2,1,peak,12.151,-1.997,1.291
2_3_2_2,2,3,2,2,2,hit,12.151,-1.997,1.291
2_3_2_2,2,3,2,2,2,peak,5.028,-1.645,1.535
2_3_2_2,2,3,2,2,2,net,-0.0,-1.351,1.39
2_3_2_2,2,3,2,2,2,bounce,-10.027,-0.639,0.032
2_3_2_2,2,3,2,2,2,peak,-13.681,-0.378,0.628
2_3_2_2,2,3,2,2,3,hit,-13.681,-0.378,0.628
2_3_2_2,2,3,2,2,3,peak,-3.641,-0.519,2.383
2_3_2_2,2,3,2,2,3,net,0.0,-0.514,2.11
2_3_2_2,2,3,2,2,3,bounce,6.607,-0.431,0.035
2_3_2_2,2,3,2,2,3,peak,11.453,-0.422,1.608
2_3_2_2,2,3,2,2,4,hit,12.025,-0.419,1.584
2_3_2_2,2,3,2,2,4,net,-0.0,2.38,2.406
2_3_2_2,2,3,2,2,4,peak,-0.202,2.43,2.406
2_3_2_2,2,3,2,2,4,last,-16.446,7.009,0.033
2_3_3_2,2,3,3,2,1,hit,-11.327,-1.443,2.6
2_3_3_2,2,3,3,2,1,net,0.0,0.971,1.083
2_3_3_2,2,3,3,2,1,bounce,4.185,2.17,0.035
2_3_3_2,2,3,3,2,1,peak,10.871,4.422,1.297
2_3_3_2,2,3,3,2,2,hit,11.491,4.654,1.285
2_3_3_2,2,3,3,2,2,peak,7.538,3.558,1.363
2_3_3_2,2,3,3,2,2,net,0.0,1.482,1.021
2_3_3_2,2,3,3,2,2,bounce,-6.591,-0.29,0.032
2_3_3_2,2,3,3,2,2,peak,-11.952,-1.754,0.725
2_3_3_2,2,3,3,2,3,hit,-12.995,-2.037,0.695
2_3_3_2,2,3,3,2,3,peak,-2.72,-1.335,2.194
2_3_3_2,2,3,3,2,3,net,-0.0,-1.173,2.071
2_3_3_2,2,3,3,2,3,bounce,8.199,-0.775,0.034
2_3_3_2,2,3,3,2,3,peak,13.152,-0.292,1.43
2_3_3_2,2,3,3,2,4,hit,14.123,-0.198,1.372
2_3_3_2,2,3,3,2,4,peak,7.992,-0.656,1.556
2_3_3_2,2,3,3,2,4,net,-0.0,-1.146,1.153
2_3_3_2,2,3,3,2,4,bounce,-6.628,-1.425,0.032
2_3_3_2,2,3,3,2,4,peak,-11.849,-1.57,0.788
2_3_3_2,2,3,3,2,5,hit,-14.237,-1.617,0.603
2_3_3_2,2,3,3,2,5,peak,-2.302,-2.319,2.242
2_3_3_2,2,3,3,2,5,net,0.0,-2.443,2.168
2_3_3_2,2,3,3,2,5,bounce,9.531,-2.907,0.032
2_3_3_2,2,3,3,2,5,peak,13.989,-3.031,1.564
2_3_3_2,2,3,3,2,6,hit,13.989,-3.031,1.564
2_3_3_2,2,3,3,2,6,peak,7.085,-1.015,1.816
2_3_3_2,2,3,3,2,6,net,0.0,1.075,1.464
2_3_3_2,2,3,3,2,6,bounce,-7.64,3.365,0.032
2_3_3_2,2,3,3,2,6,peak,-12.151,4.717,0.842
2_3_3_2,2,3,3,2,7,hit,-13.644,5.163,0.737
2_3_3_2,2,3,3,2,7,peak,-0.379,3.82,2.186
2_3_3_2,2,3,3,2,7,net,-0.0,3.783,2.185
2_3_3_2,2,3,3,2,7,bounce,12.803,2.574,0.033
2_3_4_2,2,3,4,2,1,hit,-11.507,1.15,2.653
2_3_4_2,2,3,4,2,1,net,0.0,-1.271,1.292
2_3_4_2,2,3,4,2,1,bounce,5.423,-1.975,0.032
2_3_4_2,2,3,4,2,1,peak,11.69,-2.53,1.22
2_3_4_2,2,3,4,2,2,hit,11.69,-2.53,1.22
2_3_4_2,2,3,4,2,2,peak,5.048,-1.298,1.55
2_3_4_2,2,3,4,2,2,net,0.0,-0.431,1.325
2_3_4_2,2,3,4,2,2,bounce,-7.466,0.711,0.031
2_3_4_2,2,3,4,2,2,peak,-11.989,1.364,0.795
2_3_4_2,2,3,4,2,3,hit,-13.092,1.512,0.744
2_3_4_2,2,3,4,2,3,peak,-5.246,0.995,1.279
2_3_4_2,2,3,4,2,3,net,0.0,0.66,0.996
2_3_4_2,2,3,4,2,3,bounce,5.394,0.339,0.036
2_3_4_2,2,3,4,2,3,peak,10.402,-0.022,0.794
2_3_4_2,2,3,4,2,4,hit,13.148,-0.209,0.534
2_3_4_2,2,3,4,2,4,peak,2.801,-0.254,1.414
2_3_4_2,2,3,4,2,4,net,0.0,-0.293,1.336
2_3_4_2,2,3,4,2,4,bounce,-8.234,-0.465,0.032
2_3_4_2,2,3,4,2,4,peak,-12.693,-0.665,0.851
2_3_4_2,2,3,4,2,5,hit,-13.096,-0.685,0.843
2_3_4_2,2,3,4,2,5,peak,-3.432,-1.812,1.61
2_3_4_2,2,3,4,2,5,net,0.0,-2.227,1.496
2_3_4_2,2,3,4,2,5,bounce,8.693,-3.357,0.032
2_3_4_2,2,3,4,2,5,peak,13.853,-3.838,1.016
2_3_4_2,2,3,4,2,6,hit,14.583,-3.904,0.995
2_3_4_2,2,3,4,2,6,peak,3.886,-2.228,1.756
2_3_4_2,2,3,4,2,6,net,0.0,-1.626,1.63
2_3_4_2,2,3,4,2,6,bounce,-9.517,-0.131,0.034
2_3_4_2,2,3,4,2,6,peak,-13.693,0.64,0.833
2_3_4_2,2,3,4,2,7,hit,-14.133,0.727,0.823
2_3_4_2,2,3,4,2,7,peak,-4.932,-0.621,1.532
2_3_4_2,2,3,4,2,7,net,0.0,-1.323,1.29
2_3_4_2,2,3,4,2,7,bounce,6.838,-2.293,0.031
2_3_4_2,2,3,4,2,7,peak,11.931,-2.972,0.965
2_3_4_2,2,3,4,2,8,hit,13.532,-3.177,0.863
2_3_4_2,2,3,4,2,8,peak,3.858,0.232,1.714
2_3_4_2,2,3,4,2,8,net,0.0,1.6,1.547
2_3_4_2,2,3,4,2,8,bounce,-7.741,4.366,0.032
2_3_4_2,2,3,4,2,8,last,-12.029,5.994,0.999
2_3_5_2,2,3,5,2,1,hit,-11.324,-1.404,2.6
2_3_5_2,2,3,5,2,1,peak,-11.324,-1.404,2.6
2_3_5_2,2,3,5,2,1,net,0.0,0.226,0.968
2_3_5_2,2,3,5,2,1,bounce,4.118,1.017,0.035
2_3_5_2,2,3,5,2,1,peak,12.273,2.906,1.472
2_3_5_2,2,3,5,2,2,hit,12.273,2.906,1.472
2_3_5_2,2,3,5,2,2,net,0.0,2.481,5.752
2_3_5_2,2,3,5,2,2,peak,-1.872,2.48,5.852
2_3_5_2,2,3,5,2,2,bounce,-12.885,3.129,0.034
2_4_1_1,2,4,1,1,1,hit,-11.282,-1.218,2.739
2_4_1_1,2,4,1,1,1,net,-0.0,-0.01,1.001
2_4_1_1,2,4,1,1,1,bounce,4.864,0.55,0.036
2_4_1_1,2,4,1,1,1,peak,13.655,1.568,1.141
2_4_1_1,2,4,1,1,2,hit,13.655,1.568,1.141
2_4_1_1,2,4,1,1,2,peak,3.862,0.84,2.515
2_4_1_1,2,4,1,1,2,net,0.0,0.563,2.247
2_4_1_1,2,4,1,1,2,bounce,-7.16,0.105,0.032
2_4_1_1,2,4,1,1,2,peak,-10.447,0.114,1.342
2_4_1_1,2,4,1,1,3,hit,-10.972,0.119,1.305
2_4_1_1,2,4,1,1,3,peak,-6.342,-0.376,1.421
2_4_1_1,2,4,1,1,3,net,0.0,-1.116,1.168
2_4_1_1,2,4,1,1,3,bounce,7.809,-2.137,0.032
2_4_1_1,2,4,1,1,3,peak,13.757,-2.961,0.762
2_4_1_1,2,4,1,1,4,hit,15.636,-3.24,0.679
2_4_1_1,2,4,1,1,4,peak,5.579,-2.99,1.541
2_4_1_1,2,4,1,1,4,net,0.0,-2.816,1.213
2_4_1_1,2,4,1,1,4,bounce,-5.953,-2.611,0.033
2_4_1_1,2,4,1,1,4,peak,-10.232,-2.269,0.865
2_4_1_1,2,4,1,1,5,hit,-12.006,-2.115,0.698
2_4_1_1,2,4,1,1,5,peak,-2.252,-0.442,1.426
2_4_1_1,2,4,1,1,5,net,-0.0,-0.031,1.381
2_4_1_1,2,4,1,1,5,bounce,9.58,1.829,0.03
2_4_1_1,2,4,1,1,5,peak,13.769,2.699,0.827
2_4_1_1,2,4,1,1,6,hit,13.769,2.699,0.827
2_4_1_1,2,4,1,1,6,peak,2.885,1.915,1.656
2_4_1_1,2,4,1,1,6,net,0.0,1.727,1.583
2_4_1_1,2,4,1,1,6,bounce,-9.724,1.22,0.032
2_4_1_1,2,4,1,1,6,peak,-13.498,0.97,0.81
2_4_1_1,2,4,1,1,7,hit,-13.498,0.97,0.81
2_4_1_1,2,4,1,1,7,peak,-5.029,0.767,1.287
2_4_1_1,2,4,1,1,7,net,0.0,0.683,1.085
2_4_1_1,2,4,1,1,7,bounce,6.917,0.604,0.033
2_4_1_1,2,4,1,1,7,peak,12.032,0.561,0.737
2_4_1_1,2,4,1,1,8,hit,13.809,0.562,0.64
2_4_1_1,2,4,1,1,8,peak,2.033,-1.173,2.214
2_4_1_1,2,4,1,1,8,net,-0.0,-1.492,2.156
2_4_1_1,2,4,1,1,8,bounce,-9.648,-3.078,0.033
2_4_1_1,2,4,1,1,8,peak,-14.615,-3.807,1.378
2_4_1_1,2,4,1,1,9,hit,-14.615,-3.807,1.378
2_4_1_1,2,4,1,1,9,peak,-8.262,-2.013,1.6
2_4_1_1,2,4,1,1,9,net,0.0,0.361,1.13
2_4_1_1,2,4,1,1,9,bounce,6.098,2.147,0.034
2_4_1_1,2,4,1,1,9,peak,11.521,3.797,0.836
2_4_1_1,2,4,1,1,10,hit,13.436,4.381,0.723
2_4_1_1,2,4,1,1,10,peak,4.721,4.036,1.281
2_4_1_1,2,4,1,1,10,net,0.0,3.892,1.084
2_4_1_1,2,4,1,1,10,bounce,-6.571,3.745,0.031
2_4_1_1,2,4,1,1,10,peak,-10.831,3.488,0.814
2_4_1_1,2,4,1,1,11,hit,-13.937,3.325,0.306
2_4_1_1,2,4,1,1,11,peak,-3.914,0.952,1.275
2_4_1_1,2,4,1,1,11,net,0.0,-0.001,1.086
2_4_1_1,2,4,1,1,11,bounce,5.566,-1.391,0.033
2_4_1_1,2,4,1,1,11,peak,8.444,-2.129,0.517
2_4_1_1,2,4,1,1,12,hit,10.096,-2.558,0.337
2_4_1_1,2,4,1,1,12,peak,0.127,0.105,1.373
2_4_1_1,2,4,1,1,12,net,0.0,0.141,1.373
2_4_1_1,2,4,1,1,12,bounce,-9.596,3.001,0.032
2_4_1_1,2,4,1,1,12,peak,-12.844,4.092,0.852
2_4_1_1,2,4,1,1,13,hit,-12.844,4.092,0.852
2_4_1_1,2,4,1,1,13,peak,-3.959,1.126,1.56
2_4_1_1,2,4,1,1,13,net,-0.0,-0.173,1.389
2_4_1_1,2,4,1,1,13,bounce,7.227,-2.443,0.031
2_4_1_1,2,4,1,1,13,peak,11.414,-3.817,0.857
2_4_1_1,2,4,1,1,14,hit,12.26,-4.094,0.82
2_4_1_1,2,4,1,1,14,peak,1.125,-3.466,1.716
2_4_1_1,2,4,1,1,14,net,0.0,-3.403,1.705
2_4_1_1,2,4,1,1,14,bounce,-11.768,-2.724,0.031
2_4_1_1,2,4,1,1,14,peak,-14.623,-2.45,0.833
2_4_1_1,2,4,1,1,15,hit,-14.623,-2.45,0.833
2_4_1_1,2,4,1,1,15,peak,-2.992,-3.24,2.245
2_4_1_1,2,4,1,1,15,net,-0.0,-3.389,2.119
2_4_1_1,2,4,1,1,15,bounce,8.565,-3.642,0.032
2_4_1_1,2,4,1,1,15,peak,10.968,-3.609,0.857
2_4_1_1,2,4,1,1,16,hit,10.968,-3.609,0.857
2_4_1_1,2,4,1,1,16,peak,2.627,-0.525,1.594
2_4_1_1,2,4,1,1,16,net,0.0,0.475,1.507
2_4_1_1,2,4,1,1,16,bounce,-7.822,3.562,0.032
2_4_1_1,2,4,1,1,16,peak,-11.73,5.149,0.983
2_4_1_1,2,4,1,1,17,hit,-14.104,6.116,0.538
2_4_1_1,2,4,1,1,17,peak,-0.191,1.389,2.871
2_4_1_1,2,4,1,1,17,net,-0.0,1.323,2.87
2_4_1_1,2,4,1,1,18,hit,6.857,-1.127,1.964
2_4_1_1,2,4,1,1,18,peak,3.717,-1.064,2.029
2_4_1_1,2,4,1,1,18,net,0.0,-0.942,1.926
2_4_1_1,2,4,1,1,18,bounce,-11.084,-0.251,0.033
2_4_1_1,2,4,1,1,18,peak,-14.974,0.016,0.978
2_4_1_1,2,4,1,1,19,hit,-14.974,0.016,0.978
2_4_1_1,2,4,1,1,19,peak,-6.428,1.232,1.607
2_4_1_1,2,4,1,1,19,net,0.0,2.171,1.18
2_4_1_1,2,4,1,1,19,bounce,5.504,3.054,0.034
2_4_1_1,2,4,1,1,19,last,10.075,3.773,0.9
2_4_2_1,2,4,2,1,1,hit,-11.215,0.818,2.721
2_4_2_1,2,4,2,1,1,net,-0.0,0.166,1.215
2_4_2_1,2,4,2,1,1,bounce,6.288,-0.094,0.035
2_4_2_1,2,4,2,1,1,peak,14.829,-0.279,1.085
2_4_2_1,2,4,2,1,2,hit,15.001,-0.281,1.084
2_4_2_1,2,4,2,1,2,peak,10.432,-3.022,2.712
2_4_2_1,2,4,2,1,2,bounce,5.401,-4.615,0.035
2_4_3_1,2,4,3,1,1,hit,15.594,2.021,1.004
2_4_3_2,2,4,3,2,,peak,3.976,0.342,1.883
2_4_3_2,2,4,3,2,,net,0.0,-0.68,1.757
2_4_3_2,2,4,3,2,,bounce,-9.778,-3.398,0.033
2_4_3_2,2,4,3,2,,peak,-12.894,-4.308,0.897
2_4_3_2,2,4,3,2,,hit,-12.894,-4.308,0.897
2_4_3_2,2,4,3,2,,peak,-1.984,-0.37,2.324
2_4_3_2,2,4,3,2,,net,0.0,0.366,2.268
2_4_3_2,2,4,3,2,,bounce,10.027,4.109,0.03
2_4_3_2,2,4,3,2,,peak,13.625,5.616,1.307
2_4_3_2,2,4,3,2,,hit,13.625,5.616,1.307
2_4_3_2,2,4,3,2,,peak,4.322,1.95,2.2
2_4_3_2,2,4,3,2,,net,0.0,0.33,1.955
2_4_3_2,2,4,3,2,,bounce,-7.722,-2.409,0.032
2_4_3_2,2,4,3,2,,peak,-11.74,-3.917,1.201
2_4_3_2,2,4,3,2,,hit,-12.522,-4.208,1.15
2_4_3_2,2,4,3,2,,peak,-2.981,-0.504,1.75
2_4_3_2,2,4,3,2,,net,-0.0,0.657,1.681
2_4_3_2,2,4,3,2,,bounce,10.969,4.946,0.032
2_4_4_1,2,4,4,1,1,hit,14.98,-0.452,1.06
2_4_4_2,2,4,4,2,,peak,6.405,-3.015,1.81
2_4_4_2,2,4,4,2,,net,0.0,-1.703,1.464
2_4_4_2,2,4,4,2,,bounce,-7.352,-0.235,0.032
2_4_4_2,2,4,4,2,,peak,-11.937,0.611,0.882
2_4_4_2,2,4,4,2,,hit,-6.447,1.256,1.106
2_4_4_2,2,4,4,2,,net,0.015,1.824,0.802
2_4_4_2,2,4,4,2,,peak,-0.042,1.859,0.821
2_4_4_2,2,4,4,2,,bounce,-0.836,2.05,0.033
2_4_4_2,2,4,4,2,,last,-1.264,2.171,0.544
2_4_5_1,2,4,5,1,1,hit,15.508,1.804,1.139
2_4_5_2,2,4,5,2,,peak,3.083,3.889,1.969
2_4_5_2,2,4,5,2,,net,0.0,3.293,1.895
2_4_5_2,2,4,5,2,,bounce,-11.067,1.434,0.033
2_4_5_2,2,4,5,2,,peak,-13.072,1.05,0.681
2_4_5_2,2,4,5,2,,hit,-13.072,1.05,0.681
2_4_5_2,2,4,5,2,,peak,-4.168,0.147,1.249
2_4_5_2,2,4,5,2,,net,-0.0,-0.243,1.105
2_4_5_2,2,4,5,2,,bounce,7.437,-0.894,0.034
2_4_5_2,2,4,5,2,,peak,12.217,-1.289,0.71
2_4_5_2,2,4,5,2,,hit,12.785,-1.338,0.7
2_4_5_2,2,4,5,2,,peak,5.129,-0.537,1.209
2_4_5_2,2,4,5,2,,net,-0.016,0.075,0.929
2_4_5_2,2,4,5,2,,peak,-4.04,0.724,2.5
2_4_5_2,2,4,5,2,,bounce,-8.191,1.444,0.032
2_4_5_2,2,4,5,2,,peak,-10.888,1.999,1.309
2_4_5_2,2,4,5,2,,hit,-11.408,2.115,1.253
2_4_5_2,2,4,5,2,,peak,-5.152,1.996,1.436
2_4_5_2,2,4,5,2,,net,0.0,1.942,1.292
2_4_5_2,2,4,5,2,,bounce,9.966,1.953,0.032
2_4_5_2,2,4,5,2,,peak,15.943,2.008,0.729
2_4_5_2,2,4,5,2,,hit,16.1,2.008,0.729
2_4_5_2,2,4,5,2,,peak,4.638,1.461,2.139
2_4_5_2,2,4,5,2,,net,0.0,1.193,1.823
2_4_5_2,2,4,5,2,,peak,-1.545,-0.588,0.92
2_4_5_2,2,4,5,2,,net,0.05,-1.263,0.846
2_4_5_2,2,4,5,2,,peak,0.05,-1.263,0.846
2_4_5_2,2,4,5,2,,bounce,-0.198,-1.559,0.035
2_4_5_2,2,4,5,2,,peak,-0.764,-1.758,0.73
2_4_5_2,2,4,5,2,,bounce,-1.246,-1.909,0.034
2_4_5_2,2,4,5,2,,peak,-1.596,-2.042,0.488
2_4_5_2,2,4,5,2,,last,-1.889,-2.145,0.034
2_4_6_2,2,4,6,2,1,hit,-11.483,0.873,2.795
2_4_6_2,2,4,6,2,1,net,0.0,-1.707,0.996
2_4_6_2,2,4,6,2,1,bounce,3.53,-2.32,0.035
2_4_6_2,2,4,6,2,1,peak,11.21,-3.541,1.611
2_4_6_2,2,4,6,2,2,hit,12.814,-3.741,1.533
2_4_6_2,2,4,6,2,2,peak,5.328,-1.442,2.009
2_4_6_2,2,4,6,2,2,net,0.0,0.108,1.704
2_4_6_2,2,4,6,2,2,bounce,-7.326,2.187,0.032
2_4_6_2,2,4,6,2,2,peak,-11.405,3.23,1.003
2_4_6_2,2,4,6,2,3,hit,-12.366,3.474,0.942
2_4_6_2,2,4,6,2,3,peak,-2.989,0.511,1.719
2_4_6_2,2,4,6,2,3,net,0.0,-0.41,1.628
2_4_6_2,2,4,6,2,3,bounce,9.194,-3.205,0.032
2_4_6_2,2,4,6,2,3,peak,14.068,-4.782,1.054
2_4_6_2,2,4,6,2,4,hit,14.068,-4.782,1.054
2_4_6_2,2,4,6,2,4,peak,4.258,-2.742,1.752
2_4_6_2,2,4,6,2,4,net,0.0,-1.876,1.586
2_4_6_2,2,4,6,2,4,bounce,-8.516,-0.147,0.032
2_4_6_2,2,4,6,2,4,peak,-12.733,0.819,0.91
2_4_6_2,2,4,6,2,5,hit,-12.987,0.877,0.907
2_4_6_2,2,4,6,2,5,peak,-4.871,1.75,1.345
2_4_6_2,2,4,6,2,5,net,-0.0,2.296,1.161
2_4_6_2,2,4,6,2,5,bounce,7.701,3.172,0.033
2_4_7_1,2,4,7,1,1,hit,-11.216,-1.353,2.712
2_4_7_1,2,4,7,1,1,net,-0.0,-0.12,1.071
2_4_7_1,2,4,7,1,1,bounce,5.348,0.46,0.036
2_4_7_1,2,4,7,1,1,peak,14.732,1.569,1.217
2_4_7_1,2,4,7,1,2,hit,15.589,1.676,1.206
2_4_7_1,2,4,7,1,2,peak,0.25,-1.009,7.605
2_4_7_1,2,4,7,1,2,net,0.0,-1.049,7.602
2_4_7_1,2,4,7,1,2,bounce,-12.065,-2.869,0.031
2_4_7_1,2,4,7,1,2,last,-13.155,-3.018,2.609
2_4_8_1,2,4,8,1,1,hit,-11.302,0.82,2.679
2_4_8_1,2,4,8,1,1,peak,-11.302,0.82,2.679
2_4_8_1,2,4,8,1,1,net,-0.0,-1.831,1.023
2_4_8_1,2,4,8,1,1,bounce,4.85,-2.938,0.033
2_4_8_1,2,4,8,1,1,peak,13.736,-4.855,1.165
2_4_8_1,2,4,8,1,2,hit,14.953,-5.113,1.14
2_4_8_1,2,4,8,1,2,peak,5.654,-1.93,2.308
2_4_8_1,2,4,8,1,2,net,-0.0,0.005,1.753
2_4_8_1,2,4,8,1,2,bounce,-5.324,1.818,0.032
2_4_8_1,2,4,8,1,2,peak,-9.098,3.324,1.411
2_4_8_1,2,4,8,1,3,hit,-9.261,3.389,1.408
2_4_8_1,2,4,8,1,3,peak,-5.757,2.28,1.473
2_4_8_1,2,4,8,1,3,net,0.0,0.513,1.27
2_4_8_1,2,4,8,1,3,bounce,8.569,-1.918,0.032
2_4_8_1,2,4,8,1,3,peak,13.962,-3.394,0.751
2_4_8_1,2,4,8,1,4,hit,15.113,-3.704,0.715
2_4_8_1,2,4,8,1,4,peak,4.292,-0.713,1.745
2_4_8_1,2,4,8,1,4,net,-0.0,0.477,1.536
2_4_8_1,2,4,8,1,4,bounce,-7.302,2.531,0.032
2_4_8_1,2,4,8,1,4,last,-11.171,3.749,0.98
2_4_9_1,2,4,9,1,1,hit,-11.141,-1.149,2.703
2_4_9_1,2,4,9,1,1,net,-0.0,0.385,1.063
2_4_9_1,2,4,9,1,1,bounce,5.348,1.133,0.033
2_4_9_1,2,4,9,1,1,peak,14.164,2.487,1.096
2_4_9_1,2,4,9,1,2,hit,15.479,2.706,1.068
2_4_9_1,2,4,9,1,2,peak,4.569,1.574,2.017
2_4_9_1,2,4,9,1,2,net,0.0,1.069,1.798
2_4_9_1,2,4,9,1,2,bounce,-8.163,0.088,0.032
2_4_9_1,2,4,9,1,2,peak,-11.871,-0.297,1.077
2_4_9_1,2,4,9,1,3,hit,-11.871,-0.297,1.077
2_4_9_1,2,4,9,1,3,peak,-2.725,0.754,1.869
2_4_9_1,2,4,9,1,3,net,-0.0,1.092,1.788
2_4_9_1,2,4,9,1,3,bounce,9.554,2.336,0.03
2_4_9_1,2,4,9,1,3,peak,14.35,2.95,1.072
2_4_9_1,2,4,9,1,4,hit,14.35,2.95,1.072
2_4_9_1,2,4,9,1,4,peak,5.989,1.387,1.6
2_4_9_1,2,4,9,1,4,net,0.0,0.219,1.251
2_4_9_1,2,4,9,1,4,bounce,-6.026,-0.995,0.032
2_4_9_1,2,4,9,1,4,peak,-10.46,-1.971,0.954
2_4_9_1,2,4,9,1,5,hit,-6.393,-0.847,1.177
2_4_9_1,2,4,9,1,5,net,-0.001,0.789,0.598
2_4_9_1,2,4,9,1,5,peak,-0.008,0.892,0.624
2_4_9_1,2,4,9,1,5,bounce,-0.555,1.317,0.034
2_4_9_1,2,4,9,1,5,last,-0.8,1.511,0.441
2_4_10_1,2,4,10,1,1,hit,22.519,0.41,-0.003
2_4_10_2,2,4,10,2,1,hit,-11.533,1.109,2.762
2_4_10_2,2,4,10,2,1,net,0.0,-1.361,1.156
2_4_10_2,2,4,10,2,1,bounce,4.431,-2.105,0.032
2_4_10_2,2,4,10,2,1,peak,12.397,-3.33,1.516
2_4_10_2,2,4,10,2,2,hit,12.65,-3.361,1.515
2_4_10_2,2,4,10,2,2,peak,3.564,-0.654,2.061
2_4_10_2,2,4,10,2,2,net,0.0,0.5,1.952
2_4_10_2,2,4,10,2,2,bounce,-10.144,4.184,0.032
2_4_10_2,2,4,10,2,2,last,-13.14,5.239,0.958
2_4_11_1,2,4,11,1,1,hit,-11.233,-1.238,2.687
2_4_11_1,2,4,11,1,1,net,0.0,2.06,1.005
2_4_11_1,2,4,11,1,1,bounce,4.362,3.527,0.035
2_4_11_1,2,4,11,1,1,peak,12.232,6.334,1.252
2_4_11_1,2,4,11,1,2,hit,8.835,5.104,1.375
2_4_11_1,2,4,11,1,2,net,0.01,1.805,0.633
2_4_11_1,2,4,11,1,2,peak,0.01,1.805,0.633
2_4_11_1,2,4,11,1,2,bounce,0.275,0.933,0.035
2_4_11_1,2,4,11,1,2,last,0.737,0.454,0.45
2_4_12_1,2,4,12,1,1,hit,-11.191,0.805,2.734
2_4_12_1,2,4,12,1,1,net,-0.0,-1.735,1.067
2_4_12_1,2,4,12,1,1,bounce,5.381,-2.894,0.03
2_4_12_1,2,4,12,1,1,peak,13.854,-4.633,1.041
2_4_12_1,2,4,12,1,2,hit,14.287,-4.718,1.038
2_4_12_1,2,4,12,1,2,peak,4.496,-2.711,2.112
2_4_12_1,2,4,12,1,2,net,0.0,-1.805,1.819
2_4_12_1,2,4,12,1,2,bounce,-6.713,-0.458,0.032
2_4_12_1,2,4,12,1,2,peak,-10.557,0.471,1.256
2_4_12_1,2,4,12,1,3,hit,-11.452,0.684,1.182
2_4_12_1,2,4,12,1,3,peak,-3.089,1.316,1.542
2_4_12_1,2,4,12,1,3,net,-0.0,1.536,1.485
2_4_12_1,2,4,12,1,3,bounce,11.738,2.303,0.033
2_4_12_1,2,4,12,1,3,peak,16.309,2.554,0.905
2_4_12_1,2,4,12,1,4,hit,16.309,2.554,0.905
2_4_12_1,2,4,12,1,4,peak,4.654,2.654,2.461
2_4_12_1,2,4,12,1,4,net,0.0,2.71,2.12
2_4_12_1,2,4,12,1,4,bounce,-6.954,2.776,0.032
2_4_12_1,2,4,12,1,4,peak,-10.461,2.712,1.314
2_4_12_1,2,4,12,1,5,hit,-10.461,2.712,1.314
2_4_12_1,2,4,12,1,5,peak,-5.634,1.309,1.435
2_4_12_1,2,4,12,1,5,net,0.0,-0.309,1.248
2_4_12_1,2,4,12,1,5,bounce,9.057,-2.865,0.032
2_5_1_1,2,5,1,1,1,hit,-12.409,-2.309,0.925
2_5_1_2,2,5,1,2,1,hit,11.506,1.521,2.617
2_5_1_2,2,5,1,2,1,net,0.0,-0.688,1.449
2_5_1_2,2,5,1,2,1,bounce,-6.342,-2.425,0.032
2_5_1_2,2,5,1,2,1,peak,-11.764,-4.266,1.04
2_5_1_2,2,5,1,2,2,hit,-11.764,-4.266,1.04
2_5_1_2,2,5,1,2,2,peak,-4.606,-1.601,1.491
2_5_1_2,2,5,1,2,2,net,-0.0,0.077,1.276
2_5_1_2,2,5,1,2,2,bounce,6.915,2.496,0.034
2_5_1_2,2,5,1,2,2,peak,11.89,4.251,0.939
2_5_1_2,2,5,1,2,3,hit,12.836,4.583,0.903
2_5_1_2,2,5,1,2,3,peak,3.513,3.836,1.545
2_5_1_2,2,5,1,2,3,net,0.0,3.576,1.433
2_5_1_2,2,5,1,2,3,bounce,-8.494,3.039,0.033
2_5_1_2,2,5,1,2,3,peak,-13.282,2.627,0.939
2_5_1_2,2,5,1,2,4,hit,-14.435,2.541,0.878
2_5_1_2,2,5,1,2,4,peak,-3.591,0.585,1.819
2_5_1_2,2,5,1,2,4,net,-0.0,-0.16,1.684
2_5_1_2,2,5,1,2,4,bounce,8.49,-2.15,0.032
2_5_1_2,2,5,1,2,4,peak,11.542,-3.083,0.673
2_5_1_2,2,5,1,2,5,hit,11.542,-3.083,0.673
2_5_1_2,2,5,1,2,5,peak,2.448,-0.277,1.415
2_5_1_2,2,5,1,2,5,net,0.0,0.498,1.349
2_5_1_2,2,5,1,2,5,bounce,-7.942,3.146,0.032
2_5_1_2,2,5,1,2,5,peak,-12.254,4.777,0.9
2_5_1_2,2,5,1,2,6,hit,-13.932,5.437,0.743
2_5_1_2,2,5,1,2,6,peak,-4.924,2.818,2.234
2_5_1_2,2,5,1,2,6,net,0.0,1.305,1.654
2_5_1_2,2,5,1,2,6,bounce,4.366,-0.079,0.035
2_5_1_2,2,5,1,2,6,peak,6.544,-0.847,0.98
2_5_1_2,2,5,1,2,7,hit,7.198,-1.082,0.888
2_5_1_2,2,5,1,2,7,peak,0.629,-1.607,1.381
2_5_1_2,2,5,1,2,7,net,0.0,-1.659,1.376
2_5_1_2,2,5,1,2,7,bounce,-8.877,-2.424,0.033
2_5_1_2,2,5,1,2,7,peak,-13.973,-2.832,1.129
2_5_1_2,2,5,1,2,8,hit,-14.369,-2.865,1.122
2_5_1_2,2,5,1,2,8,peak,-6.974,-2.661,1.512
2_5_1_2,2,5,1,2,8,net,0.0,-2.511,1.111
2_5_1_2,2,5,1,2,9,hit,3.81,-2.433,0.521
2_5_1_2,2,5,1,2,9,net,0.0,0.713,2.121
2_5_1_2,2,5,1,2,9,peak,-0.213,0.905,2.126
2_5_1_2,2,5,1,2,9,bounce,-3.978,4.627,0.029
2_5_1_2,2,5,1,2,9,last,-4.271,5.7,1.146
2_5_2_1,2,5,2,1,1,hit,11.627,-1.172,2.6
2_5_2_1,2,5,2,1,1,net,0.0,0.677,1.148
2_5_2_1,2,5,2,1,1,bounce,-4.968,1.236,0.032
2_5_2_1,2,5,2,1,1,peak,-12.195,1.836,1.319
2_5_2_1,2,5,2,1,2,hit,-12.347,1.845,1.318
2_5_2_1,2,5,2,1,2,peak,-8.402,1.475,1.379
2_5_2_1,2,5,2,1,2,net,-0.0,0.672,1.045
2_5_2_1,2,5,2,1,2,bounce,7.43,-0.116,0.035
2_5_2_1,2,5,2,1,2,peak,13.154,-0.83,0.67
2_5_2_1,2,5,2,1,3,hit,13.269,-0.846,0.67
2_5_2_1,2,5,2,1,3,peak,1.887,-0.264,2.346
2_5_2_1,2,5,2,1,3,net,0.0,-0.192,2.288
2_5_2_1,2,5,2,1,3,bounce,-8.987,0.052,0.032
2_5_2_1,2,5,2,1,3,peak,-12.892,0.394,1.368
2_5_2_1,2,5,2,1,4,hit,-13.311,0.433,1.35
2_5_2_1,2,5,2,1,4,peak,-6.219,-0.721,1.617
2_5_2_1,2,5,2,1,4,net,0.0,-1.721,1.38
2_5_2_1,2,5,2,1,4,bounce,9.161,-3.202,0.032
2_5_2_1,2,5,2,1,4,peak,15.223,-4.195,0.852
2_5_2_1,2,5,2,1,5,hit,15.588,-4.257,0.849
2_5_2_1,2,5,2,1,5,peak,4.276,-4.904,1.929
2_5_2_1,2,5,2,1,5,net,0.0,-5.168,1.714
2_5_2_1,2,5,2,1,5,bounce,-7.324,-4.615,0.033
2_5_2_1,2,5,2,1,5,last,-10.485,-5.713,1.046
2_5_3_1,2,5,3,1,1,hit,11.448,1.395,2.592
2_5_3_1,2,5,3,1,1,peak,11.448,1.395,2.592
2_5_3_1,2,5,3,1,1,net,0.0,0.121,1.101
2_5_3_1,2,5,3,1,1,bounce,-5.448,-0.549,0.032
2_5_3_1,2,5,3,1,1,peak,-12.268,-1.536,0.931
2_5_3_1,2,5,3,1,2,hit,-12.268,-1.536,0.931
2_5_3_1,2,5,3,1,2,peak,-3.566,-1.248,1.522
2_5_3_1,2,5,3,1,2,net,0.0,-1.135,1.406
2_5_3_1,2,5,3,1,2,bounce,8.631,-0.878,0.034
2_5_3_1,2,5,3,1,2,peak,12.418,-0.816,0.757
2_5_3_1,2,5,3,1,3,hit,12.418,-0.816,0.757
2_5_3_1,2,5,3,1,3,peak,2.347,-0.403,1.808
2_5_3_1,2,5,3,1,3,net,0.0,-0.307,1.738
2_5_3_1,2,5,3,1,3,bounce,-8.603,0.019,0.032
2_5_3_1,2,5,3,1,3,peak,-12.582,0.281,1.066
2_5_3_1,2,5,3,1,4,hit,-13.163,0.317,1.041
2_5_3_1,2,5,3,1,4,peak,-3.366,1.587,1.608
2_5_3_1,2,5,3,1,4,net,0.0,2.011,1.529
2_5_3_1,2,5,3,1,4,bounce,10.83,3.357,0.031
2_5_3_1,2,5,3,1,4,peak,15.137,3.903,0.877
2_5_3_1,2,5,3,1,5,hit,15.137,3.903,0.877
2_5_3_1,2,5,3,1,5,peak,5.835,5.317,2.626
2_5_3_1,2,5,3,1,5,net,0.0,6.282,1.573
2_5_3_1,2,5,3,1,5,bounce,-2.972,4.615,0.035
2_5_3_1,2,5,3,1,5,last,-4.025,7.177,0.982
2_5_4_1,2,5,4,1,1,hit,-12.563,1.386,1.075
2_5_4_2,2,5,4,2,1,hit,11.514,-0.966,2.561
2_5_4_2,2,5,4,2,1,net,0.0,0.344,1.105
2_5_4_2,2,5,4,2,1,bounce,-5.084,0.699,0.032
2_5_4_2,2,5,4,2,1,peak,-11.971,0.914,1.155
2_5_4_2,2,5,4,2,2,hit,-11.971,0.914,1.155
2_5_4_2,2,5,4,2,2,peak,-5.039,1.393,1.424
2_5_4_2,2,5,4,2,2,net,0.0,1.787,1.258
2_5_4_2,2,5,4,2,2,bounce,8.813,2.545,0.031
2_5_4_2,2,5,4,2,2,peak,12.384,2.916,0.643
2_5_4_2,2,5,4,2,3,hit,12.384,2.916,0.643
2_5_4_2,2,5,4,2,3,peak,0.947,-0.187,2.923
2_5_4_2,2,5,4,2,3,net,0.0,-0.458,2.902
2_5_4_2,2,5,4,2,3,bounce,-9.05,-3.096,0.033
2_5_4_2,2,5,4,2,3,peak,-10.775,-3.846,1.285
2_5_4_2,2,5,4,2,4,hit,-11.238,-4.052,1.181
2_5_4_2,2,5,4,2,4,peak,-4.249,-1.091,1.747
2_5_4_2,2,5,4,2,4,net,-0.0,0.665,1.507
2_5_4_2,2,5,4,2,4,bounce,6.699,3.341,0.034
2_5_4_2,2,5,4,2,4,peak,12.312,5.728,1.347
2_5_4_2,2,5,4,2,5,hit,13.897,6.392,1.23
2_5_4_2,2,5,4,2,5,peak,2.224,5.037,1.875
2_5_4_2,2,5,4,2,5,net,0.0,4.798,1.845
2_5_4_2,2,5,4,2,5,bounce,-12.885,3.616,0.034
2_6_1_2,2,6,1,2,1,hit,-12.293,-4.762,1.155
2_6_1_2,2,6,1,2,1,peak,-4.503,-2.528,1.682
2_6_1_2,2,6,1,2,1,net,-0.0,-1.287,1.478
2_6_1_2,2,6,1,2,1,bounce,7.795,0.775,0.033
2_6_1_2,2,6,1,2,1,peak,12.528,1.966,0.847
2_6_1_2,2,6,1,2,2,hit,13.069,2.096,0.835
2_6_1_2,2,6,1,2,2,peak,1.455,1.033,1.792
2_6_1_2,2,6,1,2,2,net,0.0,0.907,1.774
2_6_1_2,2,6,1,2,2,bounce,-11.661,-0.037,0.035
2_6_1_2,2,6,1,2,2,peak,-14.668,-0.33,0.865
2_6_1_2,2,6,1,2,3,hit,-14.668,-0.33,0.865
2_6_1_2,2,6,1,2,3,peak,-5.29,-1.158,2.076
2_6_1_2,2,6,1,2,3,net,0.0,-1.667,1.61
2_6_1_2,2,6,1,2,3,bounce,5.464,-2.234,0.031
2_6_1_2,2,6,1,2,3,peak,9.699,-2.519,1.324
2_6_1_2,2,6,1,2,4,hit,11.478,-2.648,1.074
2_6_1_2,2,6,1,2,4,peak,3.841,-3.199,1.473
2_6_1_2,2,6,1,2,4,net,0.0,-3.516,1.349
2_6_1_2,2,6,1,2,4,bounce,-8.33,-4.3,0.033
2_6_2_2,2,6,2,2,1,hit,11.514,-1.116,2.805
2_6_2_2,2,6,2,2,1,net,-0.0,1.898,1.446
2_6_2_2,2,6,2,2,1,bounce,-5.551,3.03,0.032
2_6_2_2,2,6,2,2,1,peak,-12.439,4.326,1.438
2_6_2_2,2,6,2,2,2,hit,-13.213,4.443,1.418
2_6_2_2,2,6,2,2,2,peak,-5.42,2.322,1.882
2_6_2_2,2,6,2,2,2,net,-0.0,0.932,1.612
2_6_2_2,2,6,2,2,2,bounce,8.01,-0.99,0.034
2_6_2_2,2,6,2,2,2,peak,12.867,-2.039,1.085
2_6_2_2,2,6,2,2,3,hit,12.867,-2.039,1.085
2_6_2_2,2,6,2,2,3,peak,4.792,-2.467,1.43
2_6_2_2,2,6,2,2,3,net,-0.0,-2.81,1.279
2_6_2_2,2,6,2,2,3,bounce,-8.756,-3.629,0.033
2_6_3_1,2,6,3,1,1,hit,11.246,1.244,2.716
2_6_3_1,2,6,3,1,1,net,0.0,-2.002,1.193
2_6_3_1,2,6,3,1,1,bounce,-5.332,-3.726,0.034
2_6_3_1,2,6,3,1,1,peak,-12.646,-6.235,1.154
2_6_3_1,2,6,3,1,2,hit,-13.941,-6.712,1.113
2_6_3_1,2,6,3,1,2,peak,-4.329,-4.325,2.026
2_6_3_1,2,6,3,1,2,net,-0.0,-3.283,1.802
2_6_3_1,2,6,3,1,2,bounce,7.97,-1.431,0.033
2_6_3_1,2,6,3,1,2,peak,11.551,-0.572,1.105
2_6_3_1,2,6,3,1,3,hit,11.551,-0.572,1.105
2_6_3_1,2,6,3,1,3,peak,3.921,0.243,1.475
2_6_3_1,2,6,3,1,3,net,0.0,0.656,1.359
2_6_3_1,2,6,3,1,3,bounce,-9.091,1.616,0.032
2_6_3_1,2,6,3,1,3,peak,-13.771,2.11,0.716
2_6_3_1,2,6,3,1,4,hit,-15.502,2.307,0.611
2_6_3_1,2,6,3,1,4,peak,-5.875,0.307,1.587
2_6_3_1,2,6,3,1,4,net,-0.0,-0.95,1.143
2_6_3_1,2,6,3,1,4,bounce,4.792,-2.025,0.032
2_6_3_1,2,6,3,1,4,last,5.004,-2.495,0.252
2_6_4_1,2,6,4,1,,bounce,-5.302,-0.177,0.032
2_6_4_2,2,6,4,2,1,hit,11.576,-1.116,2.788
2_6_4_2,2,6,4,2,1,net,-0.0,1.72,1.103
2_6_4_2,2,6,4,2,1,bounce,-3.831,2.442,0.03
2_6_4_2,2,6,4,2,1,peak,-9.961,3.678,1.344
2_6_4_2,2,6,4,2,2,hit,-13.489,4.243,0.809
2_6_4_2,2,6,4,2,2,peak,-2.709,1.416,2.203
2_6_4_2,2,6,4,2,2,net,0.0,0.701,2.1
2_6_4_2,2,6,4,2,2,bounce,9.167,-1.674,0.032
2_6_4_2,2,6,4,2,2,peak,13.117,-2.701,1.349
2_6_4_2,2,6,4,2,3,hit,13.117,-2.701,1.349
2_6_4_2,2,6,4,2,3,peak,5.131,-1.568,1.772
2_6_4_2,2,6,4,2,3,net,0.0,-0.875,1.549
2_6_4_2,2,6,4,2,3,bounce,-8.066,0.134,0.032
2_6_4_2,2,6,4,2,3,peak,-12.649,0.742,0.937
2_6_4_2,2,6,4,2,4,hit,-14.219,0.918,0.813
2_6_4_2,2,6,4,2,4,peak,-3.846,-0.884,2.203
2_6_4_2,2,6,4,2,4,net,0.0,-1.56,1.98
2_6_4_2,2,6,4,2,4,bounce,7.666,-2.926,0.032
2_6_4_2,2,6,4,2,4,peak,12.952,-3.761,1.41
2_6_4_2,2,6,4,2,5,hit,12.952,-3.761,1.41
2_6_4_2,2,6,4,2,5,peak,7.328,-2.03,1.548
2_6_4_2,2,6,4,2,5,net,0.0,0.209,1.243
2_6_4_2,2,6,4,2,5,bounce,-7.626,2.503,0.032
2_6_4_2,2,6,4,2,5,peak,-12.294,3.896,0.737
2_6_4_2,2,6,4,2,6,hit,-13.689,4.305,0.663
2_6_4_2,2,6,4,2,6,peak,-3.636,2.191,1.53
2_6_4_2,2,6,4,2,6,net,-0.0,1.426,1.394
2_6_4_2,2,6,4,2,6,bounce,7.904,-0.22,0.035
2_6_4_2,2,6,4,2,6,peak,12.325,-1.2,0.817
2_6_4_2,2,6,4,2,7,hit,12.937,-1.334,0.8
2_6_4_2,2,6,4,2,7,peak,1.025,-1.966,1.825
2_6_4_2,2,6,4,2,7,net,0.0,-2.028,1.815
2_6_4_2,2,6,4,2,7,bounce,-11.537,-2.879,0.031
2_6_4_2,2,6,4,2,7,peak,-15.526,-3.025,0.951
2_6_4_2,2,6,4,2,8,hit,-15.526,-3.025,0.951
2_6_4_2,2,6,4,2,8,peak,-4.648,-1.445,1.819
2_6_4_2,2,6,4,2,8,net,-0.0,-0.757,1.627
2_6_4_2,2,6,4,2,8,bounce,8.869,0.517,0.033
2_6_4_2,2,6,4,2,8,peak,13.266,1.196,0.911
2_6_4_2,2,6,4,2,9,hit,13.266,1.196,0.911
2_6_4_2,2,6,4,2,9,peak,5.828,1.562,1.27
2_6_4_2,2,6,4,2,9,net,0.0,1.885,1.0
2_6_4_2,2,6,4,2,9,bounce,-6.095,2.266,0.032
2_6_4_2,2,6,4,2,9,peak,-10.984,2.472,0.764
2_6_4_2,2,6,4,2,10,hit,-14.352,2.62,0.338
2_6_4_2,2,6,4,2,10,peak,-2.178,1.389,1.818
2_6_4_2,2,6,4,2,10,net,-0.0,1.212,1.756
2_6_4_2,2,6,4,2,10,bounce,8.684,0.578,0.033
2_6_4_2,2,6,4,2,10,peak,11.75,0.51,0.759
2_6_4_2,2,6,4,2,11,hit,12.59,0.497,0.699
2_6_4_2,2,6,4,2,11,peak,2.37,2.118,1.419
2_6_4_2,2,6,4,2,11,net,0.0,2.499,1.371
2_6_4_2,2,6,4,2,11,bounce,-9.439,4.03,0.032
2_6_5_1,2,6,5,1,,bounce,-4.714,0.119,0.033
2_6_5_2,2,6,5,2,1,hit,11.455,1.022,2.809
2_6_5_2,2,6,5,2,1,net,0.0,-0.881,1.477
2_6_5_2,2,6,5,2,1,bounce,-6.049,-2.287,0.032
2_6_5_2,2,6,5,2,1,peak,-12.359,-3.946,1.258
2_6_5_2,2,6,5,2,2,hit,-12.536,-3.999,1.257
2_6_5_2,2,6,5,2,2,peak,-5.67,-3.589,1.59
2_6_5_2,2,6,5,2,2,net,-0.0,-3.351,1.331
2_6_5_2,2,6,5,2,2,bounce,7.744,-3.185,0.032
2_6_5_2,2,6,5,2,2,peak,13.1,-3.022,0.884
2_6_5_2,2,6,5,2,3,hit,13.819,-3.005,0.867
2_6_5_2,2,6,5,2,3,peak,0.27,-2.18,2.709
2_6_5_2,2,6,5,2,3,net,0.0,-2.154,2.708
2_6_5_2,2,6,5,2,3,bounce,-11.035,-0.605,0.032
2_6_5_2,2,6,5,2,3,peak,-12.979,0.021,1.067
2_6_5_2,2,6,5,2,4,hit,-13.132,0.074,1.06
2_6_5_2,2,6,5,2,4,peak,-3.568,-1.364,1.778
2_6_5_2,2,6,5,2,4,net,0.0,-1.933,1.66
2_6_5_2,2,6,5,2,4,bounce,9.503,-3.546,0.032
2_6_5_2,2,6,5,2,4,peak,15.109,-4.521,1.136
2_6_5_2,2,6,5,2,5,hit,15.85,-4.658,1.114
2_6_5_2,2,6,5,2,5,peak,0.523,-2.679,3.884
2_6_5_2,2,6,5,2,5,net,0.0,-2.589,3.879
2_6_5_2,2,6,5,2,5,bounce,-11.228,0.043,0.035
2_6_5_2,2,6,5,2,5,peak,-12.205,0.771,1.379
2_6_5_2,2,6,5,2,6,hit,-12.205,0.771,1.379
2_6_5_2,2,6,5,2,6,peak,-2.817,-1.031,1.911
2_6_5_2,2,6,5,2,6,net,-0.0,-1.599,1.854
2_6_5_2,2,6,5,2,6,bounce,11.925,-4.231,0.033
2_6_6_1,2,6,6,1,1,hit,-7.183,3.813,1.612
2_6_6_2,2,6,6,2,,peak,-3.506,2.939,1.878
2_6_6_2,2,6,6,2,,net,-0.0,2.499,1.786
2_6_6_2,2,6,6,2,,bounce,11.196,0.949,0.031
2_6_6_2,2,6,6,2,,peak,13.254,0.658,0.551
2_6_6_2,2,6,6,2,,hit,5.657,1.675,1.414
2_6_6_2,2,6,6,2,,net,-0.009,2.361,0.813
2_6_6_2,2,6,6,2,,peak,0.087,2.388,0.879
2_6_6_2,2,6,6,2,,bounce,0.715,2.433,0.031
2_6_6_2,2,6,6,2,,last,0.974,2.459,0.587
2_6_7_2,2,6,7,2,1,hit,-12.188,-5.592,1.129
2_6_7_2,2,6,7,2,1,peak,-1.185,-2.498,2.449
2_6_7_2,2,6,7,2,1,net,-0.0,-2.18,2.431
2_6_7_2,2,6,7,2,1,bounce,11.883,0.832,0.031
2_6_7_2,2,6,7,2,1,peak,14.732,1.588,1.085
2_6_7_2,2,6,7,2,2,hit,14.732,1.588,1.085
2_6_7_2,2,6,7,2,2,peak,3.782,1.654,2.621
2_6_7_2,2,6,7,2,2,net,0.0,1.721,2.371
2_6_7_2,2,6,7,2,2,bounce,-7.396,1.949,0.032
2_6_7_2,2,6,7,2,2,peak,-11.126,1.876,1.465
2_6_7_2,2,6,7,2,3,hit,-11.473,1.871,1.449
2_6_7_2,2,6,7,2,3,peak,-5.112,1.683,1.756
2_6_7_2,2,6,7,2,3,net,0.0,1.582,1.533
2_6_7_2,2,6,7,2,3,bounce,8.534,1.495,0.033
2_6_7_2,2,6,7,2,3,peak,14.159,1.405,0.999
2_6_7_2,2,6,7,2,4,hit,14.269,1.404,0.999
2_6_7_2,2,6,7,2,4,peak,4.347,0.249,1.688
2_6_7_2,2,6,7,2,4,net,0.0,-0.258,1.515
2_6_7_2,2,6,7,2,4,bounce,-7.999,-1.192,0.032
2_6_7_2,2,6,7,2,4,peak,-12.372,-1.788,0.98
2_6_7_2,2,6,7,2,5,hit,-13.369,-1.939,0.923
2_6_7_2,2,6,7,2,5,peak,-2.946,-2.2,2.256
2_6_7_2,2,6,7,2,5,net,-0.0,-2.296,2.134
2_6_7_2,2,6,7,2,5,bounce,9.095,-2.682,0.032
2_6_7_2,2,6,7,2,5,peak,13.414,-2.801,1.351
2_6_7_2,2,6,7,2,6,hit,13.414,-2.801,1.351
2_6_7_2,2,6,7,2,6,peak,7.083,-1.738,1.541
2_6_7_2,2,6,7,2,6,net,0.0,-0.508,1.227
2_6_7_2,2,6,7,2,6,bounce,-7.17,0.773,0.031
2_6_7_2,2,6,7,2,6,peak,-11.773,1.576,0.735
2_6_7_2,2,6,7,2,7,hit,-13.307,1.844,0.642
2_6_7_2,2,6,7,2,7,peak,-4.095,1.063,1.456
2_6_7_2,2,6,7,2,7,net,0.0,0.729,1.267
2_6_7_2,2,6,7,2,7,bounce,6.805,0.195,0.034
2_6_7_2,2,6,7,2,7,peak,11.895,-0.317,1.02
2_6_7_2,2,6,7,2,8,hit,13.413,-0.471,0.921
2_6_7_2,2,6,7,2,8,peak,3.815,1.15,1.535
2_6_7_2,2,6,7,2,8,net,0.0,1.83,1.409
2_6_7_2,2,6,7,2,8,bounce,-8.409,3.42,0.033
2_6_7_2,2,6,7,2,8,peak,-13.031,4.195,0.938
2_6_7_2,2,6,7,2,9,hit,-14.024,4.359,0.889
2_6_7_2,2,6,7,2,9,peak,-4.447,2.361,1.519
2_6_7_2,2,6,7,2,9,net,-0.0,1.455,1.359
2_6_7_2,2,6,7,2,9,bounce,8.56,-0.284,0.035
2_6_7_2,2,6,7,2,9,peak,12.981,-1.221,0.78
2_6_7_2,2,6,7,2,10,hit,12.981,-1.221,0.78
2_6_7_2,2,6,7,2,10,peak,1.808,-1.374,1.62
2_6_7_2,2,6,7,2,10,net,0.0,-1.411,1.592
2_6_7_2,2,6,7,2,10,bounce,-10.603,-1.757,0.031
2_6_7_2,2,6,7,2,10,peak,-14.686,-1.978,0.945
2_6_7_2,2,6,7,2,11,hit,-14.686,-1.978,0.945
2_6_7_2,2,6,7,2,11,peak,-5.031,0.303,2.125
2_6_7_2,2,6,7,2,11,net,0.0,1.541,1.725
2_6_7_2,2,6,7,2,11,bounce,6.031,3.043,0.034
2_6_7_2,2,6,7,2,11,peak,10.989,4.19,1.502
2_6_7_2,2,6,7,2,12,hit,12.47,4.537,1.36
2_6_7_2,2,6,7,2,12,peak,4.758,1.219,1.931
2_6_7_2,2,6,7,2,12,net,0.0,-0.833,1.657
2_6_7_2,2,6,7,2,12,bounce,-7.111,-3.941,0.034
2_6_7_2,2,6,7,2,12,peak,-11.765,-5.97,1.221
2_6_7_2,2,6,7,2,13,hit,-13.067,-6.53,1.111
2_6_7_2,2,6,7,2,13,peak,-0.32,-4.443,10.486
2_6_7_2,2,6,7,2,13,net,0.0,-4.393,10.479
2_6_7_2,2,6,7,2,14,hit,10.209,-2.991,1.547
2_6_7_2,2,6,7,2,14,peak,5.075,-2.043,1.758
2_6_7_2,2,6,7,2,14,net,0.0,-1.158,1.513
2_6_7_2,2,6,7,2,14,bounce,-7.554,0.112,0.032
2_6_7_2,2,6,7,2,14,peak,-12.399,0.952,1.027
2_6_7_2,2,6,7,2,15,hit,-14.093,1.244,0.883
2_6_7_2,2,6,7,2,15,peak,-3.655,1.375,1.681
2_6_7_2,2,6,7,2,15,net,-0.0,1.409,1.562
2_6_7_2,2,6,7,2,15,bounce,9.113,1.445,0.031
2_6_7_2,2,6,7,2,15,peak,12.91,1.433,0.906
2_6_7_2,2,6,7,2,16,hit,12.91,1.433,0.906
2_6_7_2,2,6,7,2,16,peak,4.92,0.435,1.553
2_6_7_2,2,6,7,2,16,net,0.0,-0.229,1.258
2_6_7_2,2,6,7,2,16,bounce,-5.811,-1.074,0.032
2_6_7_2,2,6,7,2,16,peak,-9.807,-1.704,0.914
2_6_7_2,2,6,7,2,17,hit,-11.356,-1.966,0.756
2_6_7_2,2,6,7,2,17,peak,-4.024,-0.306,1.213
2_6_7_2,2,6,7,2,17,net,-0.0,0.619,1.055
2_6_7_2,2,6,7,2,17,bounce,6.518,2.123,0.034
2_6_7_2,2,6,7,2,17,peak,11.684,3.416,0.85
2_6_7_2,2,6,7,2,18,hit,14.175,4.069,0.641
2_6_7_2,2,6,7,2,18,peak,4.167,2.559,1.789
2_6_7_2,2,6,7,2,18,net,0.0,1.933,1.535
2_6_7_2,2,6,7,2,18,bounce,-6.23,1.015,0.031
2_6_7_2,2,6,7,2,18,peak,-10.28,0.286,1.099
2_6_7_2,2,6,7,2,19,hit,-11.445,0.078,0.994
2_6_7_2,2,6,7,2,19,peak,-1.998,-1.269,1.606
2_6_7_2,2,6,7,2,19,net,0.0,-1.572,1.574
2_6_7_2,2,6,7,2,19,bounce,10.978,-3.353,0.032
2_6_7_2,2,6,7,2,19,peak,15.072,-4.022,0.879
2_6_7_2,2,6,7,2,20,hit,15.072,-4.022,0.879
2_6_7_2,2,6,7,2,20,peak,4.231,-2.586,3.986
2_6_7_2,2,6,7,2,20,net,0.0,-1.768,3.207
2_6_7_2,2,6,7,2,20,bounce,-4.559,-0.614,0.033
2_6_7_2,2,6,7,2,20,peak,-5.147,-0.247,1.607
2_6_7_2,2,6,7,2,21,hit,-5.147,-0.247,1.607
2_6_8_1,2,6,8,1,,peak,-5.436,8.305,1.301
2_6_8_1,2,6,8,1,,last,-7.151,9.625,0.034
2_6_8_2,2,6,8,2,1,hit,-13.33,2.133,1.008
2_6_8_2,2,6,8,2,1,peak,-4.608,0.048,1.898
2_6_8_2,2,6,8,2,1,net,0.0,-0.994,1.611
2_6_8_2,2,6,8,2,1,bounce,6.772,-2.442,0.031
2_6_8_2,2,6,8,2,1,peak,11.472,-3.432,1.131
2_6_8_2,2,6,8,2,2,hit,12.473,-3.643,1.075
2_6_8_2,2,6,8,2,2,peak,6.257,-3.29,1.283
2_6_8_2,2,6,8,2,2,net,0.0,-2.948,1.028
2_6_8_2,2,6,8,2,2,bounce,-6.887,-2.567,0.032
2_6_8_2,2,6,8,2,2,peak,-11.575,-2.223,0.637
2_6_8_2,2,6,8,2,3,hit,-14.366,-2.033,0.363
2_6_8_2,2,6,8,2,3,peak,-2.874,-0.522,2.04
2_6_8_2,2,6,8,2,3,net,-0.0,-0.018,1.914
2_6_8_2,2,6,8,2,3,bounce,8.072,1.705,0.033
2_6_8_2,2,6,8,2,3,peak,12.735,2.8,1.341
2_6_8_2,2,6,8,2,4,hit,12.735,2.8,1.341
2_6_8_2,2,6,8,2,4,peak,5.066,3.184,1.66
2_6_8_2,2,6,8,2,4,net,-0.0,3.545,1.482
2_6_8_2,2,6,8,2,4,bounce,-8.863,4.401,0.033
2_7_1_1,2,7,1,1,1,hit,-11.376,-1.388,2.6
2_7_1_1,2,7,1,1,1,net,-0.0,2.014,1.177
2_7_1_1,2,7,1,1,1,bounce,5.379,3.846,0.033
2_7_1_1,2,7,1,1,1,peak,11.523,6.199,1.108
2_7_1_1,2,7,1,1,2,hit,11.523,6.199,1.108
2_7_1_1,2,7,1,1,2,peak,4.459,4.495,1.471
2_7_1_1,2,7,1,1,2,net,0.0,3.385,1.297
2_7_1_1,2,7,1,1,2,bounce,-7.627,1.361,0.032
2_7_1_1,2,7,1,1,2,peak,-11.546,0.204,0.645
2_7_1_1,2,7,1,1,3,hit,-11.78,0.132,0.642
2_7_1_1,2,7,1,1,3,peak,-1.476,-0.741,1.74
2_7_1_1,2,7,1,1,3,net,-0.0,-0.872,1.715
2_7_1_1,2,7,1,1,3,bounce,9.905,-1.85,0.031
2_7_1_1,2,7,1,1,3,peak,14.416,-2.289,1.117
2_7_1_1,2,7,1,1,4,hit,14.416,-2.289,1.117
2_7_1_1,2,7,1,1,4,peak,2.922,-2.389,4.619
2_7_1_1,2,7,1,1,4,net,0.0,-2.362,4.286
2_7_1_1,2,7,1,1,4,bounce,-7.046,-2.109,0.032
2_7_1_1,2,7,1,1,4,peak,-8.158,-1.976,1.885
2_7_1_1,2,7,1,1,5,hit,-8.158,-1.976,1.885
2_7_1_1,2,7,1,1,5,net,0.014,-2.129,0.776
2_7_1_1,2,7,1,1,5,peak,0.024,-2.119,0.778
2_7_1_1,2,7,1,1,5,bounce,-0.378,-1.971,0.035
2_7_1_1,2,7,1,1,5,last,-0.624,-1.966,0.506
2_7_2_2,2,7,2,2,1,hit,-11.676,1.136,2.651
2_7_2_2,2,7,2,2,1,net,-0.0,-0.938,1.656
2_7_2_2,2,7,2,2,1,bounce,6.575,-1.544,0.033
2_7_2_2,2,7,2,2,1,last,12.059,-1.746,1.373
2_7_3_1,2,7,3,1,1,hit,-11.439,-1.418,2.551
2_7_3_1,2,7,3,1,1,net,-0.0,-0.295,1.136
2_7_3_1,2,7,3,1,1,bounce,5.313,0.435,0.036
2_7_3_1,2,7,3,1,1,peak,12.281,1.62,1.092
2_7_3_1,2,7,3,1,2,hit,12.281,1.62,1.092
2_7_3_1,2,7,3,1,2,peak,5.529,0.537,1.349
2_7_3_1,2,7,3,1,2,net,0.0,-0.33,1.137
2_7_3_1,2,7,3,1,2,bounce,-7.425,-1.524,0.033
2_7_3_1,2,7,3,1,2,peak,-12.063,-2.294,0.629
2_7_3_1,2,7,3,1,3,hit,-12.396,-2.353,0.625
2_7_3_1,2,7,3,1,3,peak,-2.739,-2.551,1.894
2_7_3_1,2,7,3,1,3,net,-0.0,-2.629,1.774
2_7_3_1,2,7,3,1,3,bounce,7.546,-2.915,0.03
2_7_3_1,2,7,3,1,3,peak,12.354,-2.854,1.367
2_7_3_1,2,7,3,1,4,hit,9.355,-2.902,1.413
2_7_3_1,2,7,3,1,4,net,-0.01,-3.06,0.903
2_7_3_1,2,7,3,1,4,peak,-0.01,-3.06,0.903
2_7_3_1,2,7,3,1,4,bounce,0.434,-3.416,0.035
2_7_3_1,2,7,3,1,4,last,1.17,-3.582,0.732
2_7_4_1,2,7,4,1,,bounce,4.22,0.171,0.035
2_7_4_2,2,7,4,2,1,hit,-11.534,1.057,2.616
2_7_4_2,2,7,4,2,1,peak,-11.534,1.057,2.616
2_7_4_2,2,7,4,2,1,net,0.0,-0.577,1.277
2_7_4_2,2,7,4,2,1,bounce,5.242,-0.983,0.036
2_7_4_2,2,7,4,2,1,peak,11.705,-1.248,1.332
2_7_4_2,2,7,4,2,2,hit,11.705,-1.248,1.332
2_7_4_2,2,7,4,2,2,peak,1.048,-0.719,1.92
2_7_4_2,2,7,4,2,2,net,0.0,-0.67,1.913
2_7_4_2,2,7,4,2,2,last,-14.19,-0.02,0.035
2_7_5_1,2,7,5,1,1,hit,-11.208,-1.424,2.573
2_7_5_1,2,7,5,1,1,net,0.0,-0.086,0.964
2_7_5_1,2,7,5,1,1,bounce,4.523,0.594,0.035
2_7_5_1,2,7,5,1,1,peak,12.435,2.041,1.194
2_7_5_1,2,7,5,1,2,hit,12.435,2.041,1.194
2_7_5_1,2,7,5,1,2,peak,4.677,-0.227,2.121
2_7_5_1,2,7,5,1,2,net,0.0,-1.697,1.693
2_7_5_1,2,7,5,1,2,bounce,-5.122,-3.416,0.034
2_7_5_1,2,7,5,1,2,peak,-8.065,-4.495,1.153
2_7_5_1,2,7,5,1,3,hit,-9.167,-4.912,0.97
2_7_5_1,2,7,5,1,3,peak,-2.693,-2.188,1.386
2_7_5_1,2,7,5,1,3,net,-0.0,-1.059,1.306
2_7_5_1,2,7,5,1,3,bounce,7.884,2.221,0.034
2_7_5_1,2,7,5,1,3,peak,12.807,4.337,0.948
2_7_5_1,2,7,5,1,4,hit,13.293,4.547,0.938
2_7_5_1,2,7,5,1,4,peak,2.324,0.273,2.377
2_7_5_1,2,7,5,1,4,net,0.0,-0.632,2.295
2_7_5_1,2,7,5,1,4,bounce,-9.131,-4.202,0.033
2_7_6_1,2,7,6,1,1,hit,-11.447,1.159,2.572
2_7_6_1,2,7,6,1,1,net,-0.0,-0.189,1.148
2_7_6_1,2,7,6,1,1,bounce,5.436,-0.613,0.036
2_7_6_1,2,7,6,1,1,peak,12.999,-1.019,1.249
2_7_6_1,2,7,6,1,2,hit,12.999,-1.019,1.249
2_7_6_1,2,7,6,1,2,peak,6.027,-0.325,1.628
2_7_6_1,2,7,6,1,2,net,0.0,0.323,1.256
2_7_6_1,2,7,6,1,2,bounce,-5.738,0.999,0.031
2_7_6_1,2,7,6,1,2,peak,-9.772,1.482,0.824
2_7_6_1,2,7,6,1,3,hit,-11.433,1.682,0.662
2_7_6_1,2,7,6,1,3,peak,-2.508,0.179,1.476
2_7_6_1,2,7,6,1,3,net,0.0,-0.251,1.402
2_7_6_1,2,7,6,1,3,bounce,8.078,-1.628,0.033
2_7_6_1,2,7,6,1,3,peak,13.008,-2.486,0.94
2_7_6_1,2,7,6,1,4,hit,13.652,-2.6,0.923
2_7_6_1,2,7,6,1,4,peak,3.635,-2.132,1.739
2_7_6_1,2,7,6,1,4,net,0.0,-1.986,1.603
2_7_6_1,2,7,6,1,4,bounce,-8.446,-1.679,0.033
2_7_6_1,2,7,6,1,4,peak,-12.915,-1.394,1.02
2_7_6_1,2,7,6,1,5,hit,-13.932,-1.341,0.96
2_7_6_1,2,7,6,1,5,peak,-6.37,-0.041,1.522
2_7_6_1,2,7,6,1,5,net,-0.0,1.098,1.055
2_7_6_1,2,7,6,1,5,bounce,4.739,1.96,0.034
2_7_6_1,2,7,6,1,5,peak,10.001,2.865,1.023
2_7_6_1,2,7,6,1,6,hit,12.93,3.373,0.684
2_7_6_1,2,7,6,1,6,peak,1.36,-0.249,2.141
2_7_6_1,2,7,6,1,6,net,0.0,-0.706,2.115
2_7_6_1,2,7,6,1,6,bounce,-9.9,-4.265,0.033
2_7_6_1,2,7,6,1,6,last,-13.462,-5.541,1.315
2_8_1_1,2,8,1,1,1,hit,-11.291,-1.143,2.749
2_8_1_1,2,8,1,1,1,net,-0.0,-0.013,1.121
2_8_1_1,2,8,1,1,1,bounce,5.402,0.59,0.036
2_8_1_1,2,8,1,1,1,peak,14.034,1.666,1.121
2_8_1_1,2,8,1,1,2,hit,15.148,1.819,1.1
2_8_1_1,2,8,1,1,2,peak,3.968,-0.204,2.615
2_8_1_1,2,8,1,1,2,net,0.0,-0.903,2.361
2_8_1_1,2,8,1,1,2,bounce,-7.707,-2.251,0.032
2_8_1_1,2,8,1,1,2,peak,-10.904,-2.678,1.327
2_8_1_1,2,8,1,1,3,hit,-11.527,-2.758,1.27
2_8_1_1,2,8,1,1,3,peak,-6.252,-3.002,1.414
2_8_1_1,2,8,1,1,3,net,0.0,-3.332,1.181
2_8_1_1,2,8,1,1,3,bounce,8.209,-3.847,0.032
2_8_2_1,2,8,2,1,1,hit,13.311,-4.072,1.014
2_8_2_2,2,8,2,2,1,hit,-11.516,0.993,2.746
2_8_2_2,2,8,2,2,1,net,-0.0,-1.16,1.189
2_8_2_2,2,8,2,2,1,bounce,4.627,-1.732,0.035
2_8_2_2,2,8,2,2,1,peak,12.401,-2.513,1.527
2_8_2_2,2,8,2,2,2,hit,12.877,-2.544,1.52
2_8_2_2,2,8,2,2,2,peak,7.808,-2.305,1.691
2_8_2_2,2,8,2,2,2,net,0.0,-1.724,1.174
2_8_2_2,2,8,2,2,2,bounce,-5.395,-1.138,0.032
2_8_2_2,2,8,2,2,2,peak,-10.074,-0.592,0.908
2_8_2_2,2,8,2,2,3,hit,-12.188,-0.306,0.693
2_8_2_2,2,8,2,2,3,peak,-2.47,1.229,1.463
2_8_2_2,2,8,2,2,3,net,0.0,1.635,1.405
2_8_2_2,2,8,2,2,3,bounce,9.271,3.224,0.031
2_8_2_2,2,8,2,2,3,peak,14.297,4.094,0.957
2_8_2_2,2,8,2,2,4,hit,14.297,4.094,0.957
2_8_2_2,2,8,2,2,4,peak,1.016,1.034,3.24
2_8_2_2,2,8,2,2,4,net,-0.0,0.771,3.217
2_8_2_2,2,8,2,2,4,bounce,-8.978,-1.901,0.033
2_8_2_2,2,8,2,2,4,peak,-9.733,-2.447,1.178
2_8_2_2,2,8,2,2,5,hit,-9.836,-2.53,1.151
2_8_2_2,2,8,2,2,5,peak,-5.339,-2.595,1.284
2_8_2_2,2,8,2,2,5,net,0.0,-2.71,1.074
2_8_2_2,2,8,2,2,5,bounce,7.186,-2.924,0.03
2_8_2_2,2,8,2,2,5,peak,13.336,-3.119,0.859
2_8_2_2,2,8,2,2,6,hit,17.45,-3.24,0.403
2_8_2_2,2,8,2,2,6,peak,11.235,-0.307,2.758
2_8_2_2,2,8,2,2,6,last,5.987,2.917,0.034
2_8_3_1,2,8,3,1,1,hit,-11.257,-1.288,2.716
2_8_3_1,2,8,3,1,1,net,-0.0,0.515,1.191
2_8_3_1,2,8,3,1,1,bounce,6.187,1.579,0.033
2_8_3_1,2,8,3,1,1,peak,13.42,2.967,1.002
2_8_3_1,2,8,3,1,2,hit,13.42,2.967,1.002
2_8_3_1,2,8,3,1,2,peak,5.793,1.935,1.431
2_8_3_1,2,8,3,1,2,net,0.0,1.165,1.121
2_8_3_1,2,8,3,1,2,bounce,-5.958,0.434,0.031
2_8_3_1,2,8,3,1,2,peak,-10.616,-0.068,0.811
2_8_3_1,2,8,3,1,3,hit,-11.463,-0.159,0.782
2_8_3_1,2,8,3,1,3,net,0.0,-0.184,2.047
2_8_3_1,2,8,3,1,3,peak,1.24,-0.17,2.062
2_8_3_1,2,8,3,1,3,last,14.614,0.209,0.033
2_8_4_1,2,8,4,1,,bounce,5.329,0.199,0.036
2_8_4_2,2,8,4,2,,peak,11.156,-2.359,1.524
2_8_4_2,2,8,4,2,,hit,12.829,-2.482,1.447
2_8_4_2,2,8,4,2,,peak,7.054,-1.28,1.669
2_8_4_2,2,8,4,2,,net,0.0,0.334,1.256
2_8_4_2,2,8,4,2,,bounce,-6.292,1.988,0.032
2_8_4_2,2,8,4,2,,peak,-11.455,3.429,1.044
2_8_4_2,2,8,4,2,,hit,-12.413,3.714,1.005
2_8_4_2,2,8,4,2,,peak,-4.164,1.399,1.65
2_8_4_2,2,8,4,2,,net,-0.0,0.314,1.458
2_8_4_2,2,8,4,2,,bounce,7.394,-1.446,0.033
2_8_4_2,2,8,4,2,,peak,12.278,-2.69,1.062
2_8_4_2,2,8,4,2,,hit,13.034,-2.882,1.035
2_8_4_2,2,8,4,2,,peak,2.521,-0.155,2.054
2_8_4_2,2,8,4,2,,net,0.0,0.508,1.981
2_8_4_2,2,8,4,2,,bounce,-9.724,3.147,0.032
2_8_4_2,2,8,4,2,,peak,-13.682,4.348,1.192
2_8_4_2,2,8,4,2,,hit,-13.682,4.348,1.192
2_8_4_2,2,8,4,2,,peak,-6.704,2.191,1.497
2_8_4_2,2,8,4,2,,net,0.0,0.249,1.155
2_8_4_2,2,8,4,2,,bounce,6.601,-1.545,0.033
2_8_4_2,2,8,4,2,,peak,11.584,-2.852,0.733
2_8_4_2,2,8,4,2,,hit,13.112,-3.237,0.659
2_8_4_2,2,8,4,2,,peak,3.701,-3.153,1.287
2_8_4_2,2,8,4,2,,net,0.0,-3.143,1.165
2_8_4_2,2,8,4,2,,bounce,-7.406,-3.161,0.034
2_8_4_2,2,8,4,2,,peak,-11.763,-3.078,0.695
2_8_4_2,2,8,4,2,,hit,-13.847,-3.02,0.515
2_8_4_2,2,8,4,2,,peak,-2.927,-1.369,1.58
2_8_4_2,2,8,4,2,,net,-0.0,-0.874,1.486
2_8_4_2,2,8,4,2,,bounce,8.27,0.643,0.033
2_8_4_2,2,8,4,2,,peak,12.544,1.525,1.039
2_8_4_2,2,8,4,2,,hit,12.544,1.525,1.039
2_8_4_2,2,8,4,2,,peak,4.5,1.861,1.533
2_8_4_2,2,8,4,2,,net,0.0,2.146,1.344
2_8_4_2,2,8,4,2,,bounce,-7.461,2.808,0.032
2_8_4_2,2,8,4,2,,peak,-12.373,3.207,0.985
2_8_4_2,2,8,4,2,,hit,-14.009,3.368,0.863
2_8_4_2,2,8,4,2,,peak,-5.359,3.059,1.394
2_8_4_2,2,8,4,2,,net,0.0,2.906,1.15
2_8_4_2,2,8,4,2,,bounce,6.853,2.756,0.034
2_8_4_2,2,8,4,2,,peak,12.157,2.617,0.864
2_8_4_2,2,8,4,2,,hit,13.657,2.577,0.787
2_8_4_2,2,8,4,2,,peak,4.419,2.965,1.389
2_8_4_2,2,8,4,2,,net,0.0,3.173,1.216
2_8_4_2,2,8,4,2,,bounce,-7.225,3.564,0.031
2_8_4_2,2,8,4,2,,last,-11.734,3.776,0.784
2_8_5_2,2,8,5,2,1,hit,-11.554,-1.015,2.784
2_8_5_2,2,8,5,2,1,peak,-11.554,-1.015,2.784
2_8_5_2,2,8,5,2,1,net,0.007,2.253,0.975
2_8_5_2,2,8,5,2,1,peak,4.23,3.009,1.794
2_8_5_2,2,8,5,2,1,bounce,10.037,3.954,0.03
2_8_6_1,2,8,6,1,1,hit,-11.283,0.87,2.747
2_8_6_1,2,8,6,1,1,net,-0.0,-2.054,1.126
2_8_6_1,2,8,6,1,1,bounce,5.399,-3.402,0.032
2_8_6_1,2,8,6,1,1,peak,13.809,-5.399,1.155
2_8_6_1,2,8,6,1,2,hit,14.383,-5.528,1.15
2_8_6_1,2,8,6,1,2,peak,5.583,-2.467,2.01
2_8_6_1,2,8,6,1,2,net,0.0,-0.488,1.566
2_8_6_1,2,8,6,1,2,bounce,-5.671,1.538,0.032
2_8_6_1,2,8,6,1,2,peak,-9.172,2.859,0.977
2_8_6_1,2,8,6,1,3,hit,-9.327,2.92,0.975
2_8_6_1,2,8,6,1,3,peak,-1.759,2.98,1.379
2_8_6_1,2,8,6,1,3,net,-0.0,3.017,1.354
2_8_6_1,2,8,6,1,3,bounce,10.263,3.422,0.03
2_8_7_1,2,8,7,1,1,hit,15.679,1.839,1.107
2_8_7_2,2,8,7,2,1,hit,-11.396,-1.092,2.756
2_8_7_2,2,8,7,2,1,peak,-11.396,-1.092,2.756
2_8_7_2,2,8,7,2,1,net,0.0,1.779,1.188
2_8_7_2,2,8,7,2,1,bounce,4.683,3.222,0.035
2_8_7_2,2,8,7,2,1,peak,12.153,5.755,1.375
2_8_7_2,2,8,7,2,2,hit,12.512,5.892,1.372
2_8_7_2,2,8,7,2,2,peak,1.491,2.154,2.318
2_8_7_2,2,8,7,2,2,net,0.0,1.666,2.296
2_8_7_2,2,8,7,2,2,last,-12.602,-2.266,0.624
2_8_8_2,2,8,8,2,1,hit,13.914,-2.565,1.528
2_8_8_2,2,8,8,2,1,peak,6.7,-1.207,1.931
2_8_8_2,2,8,8,2,1,net,0.0,0.246,1.477
2_8_8_2,2,8,8,2,1,bounce,-6.148,1.775,0.032
2_8_8_2,2,8,8,2,1,peak,-10.526,2.768,1.06
2_8_8_2,2,8,8,2,2,hit,-12.407,3.22,0.826
2_8_8_2,2,8,8,2,2,peak,-1.092,0.097,1.893
2_8_8_2,2,8,8,2,2,net,-0.0,-0.191,1.881
2_8_8_2,2,8,8,2,2,bounce,11.964,-3.184,0.031
2_8_8_2,2,8,8,2,2,peak,15.054,-3.97,0.937
2_8_8_2,2,8,8,2,3,hit,15.054,-3.97,0.937
2_8_8_2,2,8,8,2,3,peak,2.15,-1.937,2.524
2_8_8_2,2,8,8,2,3,net,-0.0,-1.59,2.465
2_8_8_2,2,8,8,2,3,bounce,-10.398,0.094,0.034
2_8_8_2,2,8,8,2,3,peak,-13.433,0.793,1.238
2_8_8_2,2,8,8,2,4,hit,-13.433,0.793,1.238
2_8_8_2,2,8,8,2,4,peak,-13.433,0.793,1.238
2_8_8_2,2,8,8,2,4,last,-13.334,0.832,0.032
2_8_9_1,2,8,9,1,,bounce,7.302,0.712,0.033
2_8_9_2,2,8,9,2,,peak,11.98,6.217,1.287
2_8_9_2,2,8,9,2,,hit,11.98,6.217,1.287
2_8_9_2,2,8,9,2,,peak,3.589,2.247,2.004
2_8_9_2,2,8,9,2,,net,-0.0,0.523,1.842
2_8_9_2,2,8,9,2,,bounce,-8.123,-3.454,0.033
2_8_9_2,2,8,9,2,,peak,-11.979,-5.416,1.194
2_8_9_2,2,8,9,2,,hit,-11.979,-5.416,1.194
2_8_9_2,2,8,9,2,,peak,-2.026,-3.793,1.662
2_8_9_2,2,8,9,2,,net,0.0,-3.483,1.638
2_8_9_2,2,8,9,2,,bounce,12.885,-1.669,0.031
2_8_10_1,2,8,10,1,,bounce,10.077,-4.615,0.033
2_8_10_2,2,8,10,2,1,hit,-11.518,1.089,2.778
2_8_10_2,2,8,10,2,1,net,-0.0,-1.355,1.39
2_8_10_2,2,8,10,2,1,bounce,5.739,-2.242,0.031
2_8_10_2,2,8,10,2,1,peak,12.979,-3.208,1.39
2_8_10_2,2,8,10,2,2,hit,13.421,-3.252,1.384
2_8_10_2,2,8,10,2,2,peak,2.576,-3.406,2.3
2_8_10_2,2,8,10,2,2,net,0.0,-3.401,2.235
2_8_10_2,2,8,10,2,2,bounce,-11.215,-3.125,0.032
2_8_10_2,2,8,10,2,2,peak,-14.65,-2.99,1.179
2_8_10_2,2,8,10,2,3,hit,-14.65,-2.99,1.179
2_8_10_2,2,8,10,2,3,peak,-2.134,-1.766,7.557
2_8_10_2,2,8,10,2,3,net,0.0,-1.464,7.311
2_8_10_2,2,8,10,2,3,peak,7.743,-0.246,1.871
2_8_10_2,2,8,10,2,4,hit,7.743,-0.246,1.871
2_8_10_2,2,8,10,2,4,net,0.004,0.972,0.954
2_8_10_2,2,8,10,2,4,peak,-2.066,1.199,1.05
2_8_10_2,2,8,10,2,4,bounce,-8.056,1.841,0.032
2_8_10_2,2,8,10,2,4,peak,-11.958,2.349,0.663
2_8_10_2,2,8,10,2,5,hit,-15.432,2.792,0.059
2_8_10_2,2,8,10,2,5,peak,-3.636,0.375,4.992
2_8_10_2,2,8,10,2,5,net,-0.0,-0.27,4.401
2_8_10_2,2,8,10,2,5,peak,4.552,-1.058,1.922
2_8_10_2,2,8,10,2,6,hit,4.552,-1.058,1.922
2_8_10_2,2,8,10,2,6,net,0.0,0.273,1.375
2_8_10_2,2,8,10,2,6,bounce,-6.46,2.347,0.032
2_8_10_2,2,8,10,2,6,peak,-13.3,4.723,1.243
2_8_10_2,2,8,10,2,7,hit,-13.418,4.766,1.243
2_8_10_2,2,8,10,2,7,peak,-5.535,3.444,1.608
2_8_10_2,2,8,10,2,7,net,-0.0,2.553,1.387
2_8_10_2,2,8,10,2,7,peak,3.016,1.422,0.907
2_8_10_2,2,8,10,2,7,net,0.001,0.401,0.569
2_8_10_2,2,8,10,2,7,peak,0.001,0.401,0.569
2_8_10_2,2,8,10,2,7,bounce,0.404,0.451,0.035
2_8_10_2,2,8,10,2,7,peak,0.891,0.524,0.391
2_8_10_2,2,8,10,2,7,bounce,1.368,0.597,0.032
2_8_10_2,2,8,10,2,7,peak,1.755,0.641,0.273
2_8_10_2,2,8,10,2,7,bounce,2.134,0.682,0.03
2_8_10_2,2,8,10,2,7,peak,2.446,0.723,0.197
2_8_10_2,2,8,10,2,7,bounce,2.747,0.766,0.031
2_8_10_2,2,8,10,2,7,peak,2.993,0.8,0.137
2_8_10_2,2,8,10,2,7,last,3.228,0.826,0.033
2_8_11_2,2,8,11,2,1,hit,13.021,6.205,1.331
2_8_11_2,2,8,11,2,1,peak,7.925,5.14,1.501
2_8_11_2,2,8,11,2,1,net,0.002,3.603,1.029
2_8_11_2,2,8,11,2,1,peak,-0.924,3.407,1.048
2_8_11_2,2,8,11,2,1,bounce,-7.099,2.204,0.032
2_8_11_2,2,8,11,2,1,peak,-11.072,1.346,0.804
2_8_11_2,2,8,11,2,2,hit,-12.327,1.086,0.716
2_8_11_2,2,8,11,2,2,peak,-0.848,-0.247,1.705
2_8_11_2,2,8,11,2,2,net,-0.0,-0.338,1.699
2_8_11_2,2,8,11,2,2,bounce,11.901,-1.608,0.032
2_8_11_2,2,8,11,2,2,last,15.047,-1.95,0.787
2_8_12_1,2,8,12,1,1,hit,-11.335,0.789,2.726
2_8_12_1,2,8,12,1,1,net,0.0,-2.161,1.045
2_8_12_1,2,8,12,1,1,bounce,5.026,-3.407,0.033
2_8_12_1,2,8,12,1,1,peak,13.575,-5.523,1.154
2_8_12_1,2,8,12,1,2,hit,15.174,-5.924,1.107
2_8_12_1,2,8,12,1,2,peak,8.455,-3.602,2.301
2_8_12_1,2,8,12,1,2,bounce,0.306,-0.628,0.035
2_8_12_1,2,8,12,1,2,last,0.437,-0.116,1.099
2_8_13_1,2,8,13,1,1,hit,-11.184,-1.231,2.683
2_8_13_1,2,8,13,1,1,net,0.0,0.278,0.961
2_8_13_1,2,8,13,1,1,bounce,4.609,0.969,0.035
2_8_13_1,2,8,13,1,1,peak,13.666,2.486,1.182
2_8_13_1,2,8,13,1,2,hit,15.607,2.832,1.12
2_8_13_1,2,8,13,1,2,peak,3.999,1.924,2.228
2_8_13_1,2,8,13,1,2,net,0.0,1.653,2.058
2_8_13_1,2,8,13,1,2,bounce,-9.198,1.104,0.032
2_8_13_1,2,8,13,1,2,peak,-12.705,0.975,1.138
2_8_13_1,2,8,13,1,3,hit,-12.705,0.975,1.138
2_8_13_1,2,8,13,1,3,peak,-4.946,-0.279,1.625
2_8_13_1,2,8,13,1,3,net,-0.0,-1.008,1.393
2_8_13_1,2,8,13,1,3,bounce,7.465,-1.98,0.032
2_8_13_1,2,8,13,1,3,peak,12.262,-2.554,0.926
2_8_13_1,2,8,13,1,4,hit,14.472,-2.82,0.707
2_8_13_1,2,8,13,1,4,peak,2.343,-1.911,2.12
2_8_13_1,2,8,13,1,4,net,-0.0,-1.736,2.053
2_8_13_1,2,8,13,1,4,bounce,-9.782,-0.91,0.032
2_8_13_1,2,8,13,1,4,peak,-14.174,-0.269,1.225
2_8_13_1,2,8,13,1,5,hit,-14.727,-0.187,1.204
2_8_13_1,2,8,13,1,5,peak,-6.153,1.178,1.764
2_8_13_1,2,8,13,1,5,net,0.0,2.209,1.414
2_8_13_1,2,8,13,1,5,bounce,6.969,3.453,0.033
2_8_13_1,2,8,13,1,5,peak,12.591,4.427,1.181
2_8_13_1,2,8,13,1,6,hit,15.486,4.926,0.819
2_8_13_1,2,8,13,1,6,peak,1.844,3.502,5.449
2_8_13_1,2,8,13,1,6,net,-0.0,3.285,5.337
2_8_13_1,2,8,13,1,6,bounce,-9.702,2.108,0.032
2_8_13_1,2,8,13,1,6,peak,-11.809,1.899,2.026
2_8_13_1,2,8,13,1,7,hit,-11.809,1.899,2.026
2_8_13_1,2,8,13,1,8,hit,-11.809,1.899,2.026
2_8_13_1,2,8,13,1,8,net,0.0,-1.071,1.138
2_8_13_1,2,8,13,1,8,bounce,5.177,-2.48,0.031
2_8_13_1,2,8,13,1,8,last,10.481,-3.964,0.906
2_8_14_1,2,8,14,1,1,hit,-11.313,0.797,2.676
2_8_14_1,2,8,14,1,1,net,-0.0,-2.128,1.185
2_8_14_1,2,8,14,1,1,bounce,6.099,-3.626,0.03
2_8_14_1,2,8,14,1,1,peak,14.432,-5.521,1.107
2_8_14_1,2,8,14,1,2,hit,14.432,-5.521,1.107
2_8_14_1,2,8,14,1,2,peak,4.461,-2.548,1.976
2_8_14_1,2,8,14,1,2,net,-0.0,-1.13,1.748
2_8_14_1,2,8,14,1,2,bounce,-7.584,1.451,0.032
2_8_14_1,2,8,14,1,2,peak,-10.314,2.502,0.865
2_8_14_1,2,8,14,1,3,hit,-10.314,2.502,0.865
2_8_14_1,2,8,14,1,3,peak,-0.688,-0.719,1.906
2_8_14_1,2,8,14,1,3,net,-0.0,-0.947,1.9
2_8_14_1,2,8,14,1,3,bounce,10.599,-4.361,0.032
2_8_15_2,2,8,15,2,1,hit,12.584,6.631,1.356
2_8_15_2,2,8,15,2,1,peak,7.36,4.956,1.528
2_8_15_2,2,8,15,2,1,net,0.0,2.67,1.113
2_8_15_2,2,8,15,2,1,bounce,-6.026,0.881,0.031
2_8_15_2,2,8,15,2,1,peak,-10.821,-0.538,0.754
2_8_15_2,2,8,15,2,2,hit,-5.026,-1.046,1.1
2_8_15_2,2,8,15,2,2,net,0.062,-1.112,0.865
2_8_15_2,2,8,15,2,2,peak,0.062,-1.112,0.865
2_8_15_2,2,8,15,2,2,bounce,-0.195,-1.016,0.035
2_8_15_2,2,8,15,2,2,last,-0.809,-0.944,0.735
2_8_16_1,2,8,16,1,1,hit,-11.278,0.816,2.701
2_8_16_1,2,8,16,1,1,net,-0.0,-0.205,1.157
2_8_16_1,2,8,16,1,1,bounce,5.789,-0.588,0.035
2_8_16_1,2,8,16,1,1,peak,14.571,-0.897,1.169
2_8_16_1,2,8,16,1,2,hit,15.787,-0.905,1.144
2_8_16_1,2,8,16,1,2,peak,6.239,-0.243,2.245
2_8_16_1,2,8,16,1,2,net,0.0,0.357,1.647
2_8_16_1,2,8,16,1,2,bounce,-5.272,1.002,0.032
2_8_16_1,2,8,16,1,2,peak,-9.968,1.398,1.357
2_8_16_1,2,8,16,1,3,hit,-11.437,1.526,1.21
2_8_16_1,2,8,16,1,3,peak,-4.155,0.018,1.711
2_8_16_1,2,8,16,1,3,net,0.0,-0.876,1.52
2_8_16_1,2,8,16,1,3,bounce,7.602,-2.582,0.031
2_8_16_1,2,8,16,1,3,peak,13.094,-3.617,1.226
2_8_16_1,2,8,16,1,4,hit,15.452,-4.064,0.972
2_8_16_1,2,8,16,1,4,peak,3.887,-0.853,2.015
2_8_16_1,2,8,16,1,4,net,0.0,0.26,1.862
2_8_16_1,2,8,16,1,4,bounce,-9.124,2.926,0.032
2_8_16_1,2,8,16,1,4,peak,-13.103,4.188,1.076
2_8_16_1,2,8,16,1,5,hit,-13.103,4.188,1.076
2_8_16_1,2,8,16,1,5,peak,-3.562,1.535,1.817
2_8_16_1,2,8,16,1,5,net,-0.0,0.621,1.693
2_8_16_1,2,8,16,1,5,bounce,9.205,-1.543,0.032
2_8_16_1,2,8,16,1,5,peak,13.91,-2.635,1.009
2_8_16_1,2,8,16,1,6,hit,14.017,-2.658,1.008
2_8_16_1,2,8,16,1,6,peak,6.401,-2.397,1.422
2_8_16_1,2,8,16,1,6,net,0.0,-2.19,1.065
2_8_16_1,2,8,16,1,6,bounce,-5.758,-2.031,0.032
2_8_16_1,2,8,16,1,6,peak,-10.506,-1.834,0.788
2_8_16_1,2,8,16,1,7,hit,-5.188,-0.835,1.052
2_8_16_1,2,8,16,1,7,net,0.002,-0.148,0.776
2_8_16_1,2,8,16,1,7,peak,-0.101,-0.169,0.823
2_8_16_1,2,8,16,1,7,bounce,-0.834,-0.261,0.033
2_8_16_1,2,8,16,1,7,last,-1.092,-0.267,0.55
2_9_1_1,2,9,1,1,1,hit,11.233,1.585,2.578
2_9_1_1,2,9,1,1,1,peak,11.233,1.585,2.578
2_9_1_1,2,9,1,1,1,net,0.0,-1.277,1.144
2_9_1_1,2,9,1,1,1,bounce,-5.177,-2.884,0.033
2_9_1_1,2,9,1,1,1,peak,-11.515,-5.11,1.149
2_9_1_1,2,9,1,1,2,hit,-11.515,-5.11,1.149
2_9_1_1,2,9,1,1,2,peak,-6.533,-2.976,1.305
2_9_1_1,2,9,1,1,2,net,-0.0,-0.213,0.989
2_9_1_1,2,9,1,1,2,bounce,6.056,2.322,0.034
2_9_1_1,2,9,1,1,2,peak,11.356,4.563,0.7
2_9_1_1,2,9,1,1,3,hit,5.724,3.046,1.602
2_9_1_1,2,9,1,1,3,net,-0.006,1.419,0.597
2_9_1_1,2,9,1,1,3,peak,-0.006,1.419,0.597
2_9_1_1,2,9,1,1,3,bounce,0.276,1.197,0.035
2_9_1_1,2,9,1,1,3,last,0.581,1.079,0.405
2_9_2_1,2,9,2,1,,bounce,-4.51,-0.258,0.033
2_9_2_2,2,9,2,2,1,hit,11.526,-1.051,2.619
2_9_2_2,2,9,2,2,1,net,0.0,1.667,1.295
2_9_2_2,2,9,2,2,1,bounce,-4.718,2.37,0.032
2_9_2_2,2,9,2,2,1,peak,-10.448,3.019,1.321
2_9_2_2,2,9,2,2,2,hit,-11.115,3.068,1.301
2_9_2_2,2,9,2,2,2,peak,-4.103,1.255,1.567
2_9_2_2,2,9,2,2,2,net,-0.0,0.245,1.459
2_9_2_2,2,9,2,2,2,bounce,10.217,-2.099,0.031
2_9_2_2,2,9,2,2,2,peak,13.285,-2.682,0.709
2_9_2_2,2,9,2,2,3,hit,13.285,-2.682,0.709
2_9_2_2,2,9,2,2,3,peak,3.993,-0.837,2.106
2_9_2_2,2,9,2,2,3,net,0.0,-0.056,1.777
2_9_2_2,2,9,2,2,3,bounce,-5.505,1.015,0.031
2_9_2_2,2,9,2,2,3,peak,-8.722,1.705,1.246
2_9_2_2,2,9,2,2,4,hit,-9.961,1.976,1.042
2_9_2_2,2,9,2,2,4,peak,-2.786,2.002,1.443
2_9_2_2,2,9,2,2,4,net,0.0,2.055,1.374
2_9_2_2,2,9,2,2,4,bounce,9.09,2.375,0.031
2_9_2_2,2,9,2,2,4,peak,14.256,2.516,0.914
2_9_2_2,2,9,2,2,5,hit,16.229,2.592,0.775
2_9_2_2,2,9,2,2,5,peak,7.02,0.534,1.626
2_9_2_2,2,9,2,2,5,net,0.0,-1.142,0.993
2_9_2_2,2,9,2,2,5,peak,-2.35,-1.735,0.457
2_9_2_2,2,9,2,2,5,last,-2.35,-1.735,0.457
2_9_3_1,2,9,3,1,,bounce,-4.806,0.072,0.033
2_9_3_1,2,9,3,1,,last,-12.504,-0.726,1.11
2_9_3_2,2,9,3,2,1,hit,11.423,1.591,2.587
2_9_3_2,2,9,3,2,1,net,-0.0,-0.461,1.321
2_9_3_2,2,9,3,2,1,bounce,-4.913,-1.76,0.033
2_9_3_2,2,9,3,2,1,peak,-10.21,-3.428,1.289
2_9_3_2,2,9,3,2,2,hit,-10.02,-3.385,1.251
2_9_3_2,2,9,3,2,2,net,0.014,0.147,0.624
2_9_3_2,2,9,3,2,2,peak,0.014,0.147,0.624
2_9_3_2,2,9,3,2,2,bounce,-0.649,1.243,0.034
2_9_3_2,2,9,3,2,2,last,-1.165,1.822,0.456
2_9_4_1,2,9,4,1,1,hit,11.492,-1.244,2.577
2_9_4_1,2,9,4,1,1,net,-0.0,2.385,1.144
2_9_4_1,2,9,4,1,1,bounce,-5.341,3.93,0.03
2_9_4_1,2,9,4,1,1,peak,-11.95,5.747,1.04
2_9_4_1,2,9,4,1,2,hit,-11.95,5.747,1.04
2_9_4_1,2,9,4,1,2,peak,-5.601,4.036,2.027
2_9_4_1,2,9,4,1,2,net,0.0,2.375,1.101
2_9_4_1,2,9,4,1,2,bounce,2.501,1.569,0.03
2_9_4_1,2,9,4,1,2,peak,4.406,0.852,0.974
2_9_4_1,2,9,4,1,3,hit,5.486,0.434,0.651
2_9_4_1,2,9,4,1,3,peak,0.024,1.333,1.053
2_9_4_1,2,9,4,1,3,net,0.0,1.337,1.053
2_9_4_1,2,9,4,1,3,bounce,-7.711,2.625,0.032
2_9_4_1,2,9,4,1,3,last,-11.456,3.217,0.777
2_9_5_1,2,9,5,1,1,hit,11.279,1.413,2.56
2_9_5_1,2,9,5,1,1,net,-0.0,0.183,1.017
2_9_5_1,2,9,5,1,1,bounce,-4.853,-0.401,0.032
2_9_5_1,2,9,5,1,1,peak,-12.286,-1.471,1.086
2_9_5_1,2,9,5,1,2,hit,-12.286,-1.471,1.086
2_9_5_1,2,9,5,1,2,peak,-3.075,-1.048,1.64
2_9_5_1,2,9,5,1,2,net,0.0,-0.914,1.567
2_9_5_1,2,9,5,1,2,bounce,10.467,-0.484,0.033
2_9_5_1,2,9,5,1,2,peak,12.297,-0.443,0.494
2_9_5_1,2,9,5,1,3,hit,12.297,-0.443,0.494
2_9_5_1,2,9,5,1,3,peak,1.14,0.456,3.038
2_9_5_1,2,9,5,1,3,net,0.0,0.56,3.004
2_9_5_1,2,9,5,1,3,bounce,-8.587,1.468,0.032
2_9_5_1,2,9,5,1,3,peak,-11.509,1.843,1.639
2_9_5_1,2,9,5,1,4,hit,-11.509,1.843,1.639
2_9_5_1,2,9,5,1,4,peak,-6.484,0.548,1.772
2_9_5_1,2,9,5,1,4,net,-0.0,-1.086,1.515
2_9_5_1,2,9,5,1,4,bounce,9.432,-3.377,0.032
2_9_5_1,2,9,5,1,4,peak,14.561,-4.567,0.813
2_9_5_1,2,9,5,1,5,hit,14.682,-4.595,0.813
2_9_5_1,2,9,5,1,5,net,0.0,-2.751,5.893
2_9_5_1,2,9,5,1,5,peak,-0.435,-2.696,5.899
2_9_5_1,2,9,5,1,5,bounce,-12.075,-1.161,0.031
2_9_5_1,2,9,5,1,5,last,-12.997,-1.097,2.208
2_9_6_1,2,9,6,1,1,hit,11.331,-1.076,2.636
2_9_6_1,2,9,6,1,1,peak,11.331,-1.076,2.636
2_9_6_1,2,9,6,1,1,net,0.0,1.619,1.198
2_9_6_1,2,9,6,1,1,bounce,-6.0,3.014,0.032
2_9_6_1,2,9,6,1,1,peak,-12.236,4.404,1.009
2_9_6_1,2,9,6,1,2,hit,-12.236,4.404,1.009
2_9_6_1,2,9,6,1,2,peak,-4.801,2.935,1.345
2_9_6_1,2,9,6,1,2,net,-0.0,2.0,1.176
2_9_6_1,2,9,6,1,2,bounce,7.845,0.497,0.033
2_9_6_1,2,9,6,1,2,peak,12.255,-0.318,0.688
2_9_6_1,2,9,6,1,3,hit,12.255,-0.318,0.688
2_9_6_1,2,9,6,1,3,peak,2.599,-0.587,1.696
2_9_6_1,2,9,6,1,3,net,0.0,-0.696,1.607
2_9_6_1,2,9,6,1,3,bounce,-7.917,-1.117,0.032
2_9_6_1,2,9,6,1,3,peak,-12.159,-1.31,1.071
2_9_6_1,2,9,6,1,4,hit,-12.74,-1.337,1.05
2_9_6_1,2,9,6,1,4,peak,-5.719,-0.07,1.394
2_9_6_1,2,9,6,1,4,net,-0.0,0.963,1.13
2_9_6_1,2,9,6,1,4,bounce,6.814,2.183,0.034
2_9_6_1,2,9,6,1,4,peak,12.403,3.183,0.845
2_9_6_1,2,9,6,1,5,hit,14.589,3.567,0.707
2_9_6_1,2,9,6,1,5,peak,2.46,2.521,3.248
2_9_6_1,2,9,6,1,5,net,0.0,2.283,3.111
2_9_6_1,2,9,6,1,5,bounce,-8.508,1.375,0.032
2_9_6_1,2,9,6,1,5,peak,-11.339,0.964,1.555
2_9_6_1,2,9,6,1,6,hit,-11.339,0.964,1.555
2_9_6_1,2,9,6,1,6,peak,-8.911,0.378,1.588
2_9_6_1,2,9,6,1,6,net,-0.0,-1.767,1.079
2_9_6_1,2,9,6,1,6,bounce,6.106,-3.226,0.03
2_9_7_1,2,9,7,1,1,hit,11.456,1.336,2.587
2_9_7_1,2,9,7,1,1,net,-0.0,-2.144,1.165
2_9_7_1,2,9,7,1,1,bounce,-4.893,-3.929,0.034
2_9_7_1,2,9,7,1,1,peak,-11.058,-6.432,1.203
2_9_7_1,2,9,7,1,2,hit,-8.171,-5.712,1.235
2_9_7_1,2,9,7,1,2,net,0.082,-3.673,0.928
2_9_7_1,2,9,7,1,2,peak,0.082,-3.673,0.928
2_9_7_1,2,9,7,1,2,bounce,-0.347,-3.291,0.036
2_9_7_1,2,9,7,1,2,last,-1.397,-2.769,0.95
2_9_8_1,2,9,8,1,1,hit,11.545,-1.035,2.598
2_9_8_1,2,9,8,1,1,net,0.0,0.273,0.975
2_9_8_1,2,9,8,1,1,bounce,-4.247,0.592,0.034
2_9_8_1,2,9,8,1,1,peak,-11.662,0.967,1.194
2_9_8_1,2,9,8,1,2,hit,-12.371,0.988,1.182
2_9_8_1,2,9,8,1,2,peak,-5.79,1.405,1.432
2_9_8_1,2,9,8,1,2,net,-0.0,1.791,1.208
2_9_8_1,2,9,8,1,2,bounce,8.128,2.338,0.032
2_9_8_1,2,9,8,1,2,peak,13.355,2.661,0.741
2_9_8_1,2,9,8,1,3,hit,13.355,2.661,0.741
2_9_8_1,2,9,8,1,3,peak,2.666,-0.566,2.193
2_9_8_1,2,9,8,1,3,net,0.0,-1.403,2.076
2_9_8_1,2,9,8,1,3,bounce,-7.865,-3.949,0.033
2_9_8_1,2,9,8,1,3,peak,-11.578,-5.023,1.233
2_9_8_1,2,9,8,1,4,hit,-12.739,-5.361,1.097
2_9_8_1,2,9,8,1,4,peak,-4.047,-2.0,1.859
2_9_8_1,2,9,8,1,4,net,-0.0,-0.424,1.663
2_9_8_1,2,9,8,1,4,bounce,7.702,2.61,0.034
2_9_8_1,2,9,8,1,4,peak,12.544,4.552,1.159
2_9_8_1,2,9,8,1,5,hit,12.655,4.596,1.158
2_9_8_1,2,9,8,1,5,peak,5.593,4.121,1.479
2_9_8_1,2,9,8,1,5,net,0.0,3.844,1.233
2_9_8_1,2,9,8,1,5,bounce,-7.228,3.666,0.031
2_9_8_1,2,9,8,1,5,peak,-12.121,3.509,0.828
2_9_8_1,2,9,8,1,6,hit,-15.413,3.484,0.395
2_9_8_1,2,9,8,1,6,peak,-5.333,1.609,1.806
2_9_8_1,2,9,8,1,6,net,0.0,0.472,1.272
2_9_8_1,2,9,8,1,6,bounce,4.051,-0.459,0.035
2_9_8_1,2,9,8,1,6,peak,6.804,-1.238,0.832
2_9_8_1,2,9,8,1,7,hit,7.81,-1.531,0.716
2_9_8_1,2,9,8,1,7,peak,0.45,0.186,1.262
2_9_8_1,2,9,8,1,7,net,0.0,0.295,1.26
2_9_8_1,2,9,8,1,7,bounce,-9.126,2.643,0.032
2_9_8_1,2,9,8,1,7,peak,-13.266,3.86,0.757
2_9_8_1,2,9,8,1,8,hit,-13.294,3.868,0.757
2_9_8_1,2,9,8,1,8,peak,-4.672,2.99,1.43
2_9_8_1,2,9,8,1,8,net,-0.0,2.557,1.2
2_9_8_1,2,9,8,1,8,bounce,6.525,2.022,0.034
2_9_8_1,2,9,8,1,8,peak,9.912,1.678,0.824
2_9_8_1,2,9,8,1,9,hit,9.912,1.678,0.824
2_9_8_1,2,9,8,1,9,peak,1.539,2.445,1.946
2_9_8_1,2,9,8,1,9,net,0.0,2.598,1.901
2_9_8_1,2,9,8,1,9,bounce,-7.678,3.44,0.032
2_9_8_1,2,9,8,1,9,peak,-11.543,3.832,1.37
2_9_8_1,2,9,8,1,10,hit,-12.374,3.918,1.298
2_9_8_1,2,9,8,1,10,peak,-5.95,4.143,1.511
2_9_8_1,2,9,8,1,10,net,0.0,4.401,1.285
2_9_8_1,2,9,8,1,10,bounce,8.217,4.794,0.033
